0.138277673533 0.717107816426 1.25799405375
0.122611199018 0.630934039568 1.43718646178
0.120153315152 0.607271275903 1.48456798266
0.119431387583 0.599681545458 1.49662620141
0.119115798224 0.59714751208 1.50286917197
0.118954358841 0.59648107941 1.50524415962
0.11879598664 0.596629746632 1.50583292667
0.118702855859 0.597193676914 1.50913461583
0.118631849374 0.597996245623 1.50451561246
0.118625591377 0.598947708408 1.5054878265
0.11856899304 0.59999697743 1.50273487873
0.11854475367 0.601112375552 1.50462851678
0.118691797322 0.602272992443 1.5076896139
0.118571590332 0.603464376308 1.50740756152
0.118584157755 0.604676192132 1.50958008145
0.118638982432 0.605900855731 1.50760537795
0.118611249585 0.607132690183 1.51445776828
0.118700022739 0.608367380271 1.51394960491
0.118700658362 0.609601606276 1.51510509982
0.11869856361 0.610832790588 1.51569990802
0.11877993857 0.612058917949 1.51837351587
0.118771410201 0.613278405246 1.52174181629
0.118831659914 0.614490005487 1.52443766811
0.118906451521 0.615692735901 1.52469446649
0.118835388296 0.616885823355 1.52134901947
0.118843223533 0.618068662411 1.51965712243
0.118804492885 0.61924078275 1.5225207055
0.118790961515 0.620401823617 1.52145334276
0.118732920643 0.62155151359 1.52650978114
0.118784283775 0.62268965444 1.52882228101
0.118875893312 0.623816108148 1.5306749733
0.118928742047 0.6249307864 1.52822334132
0.11893186582 0.626033642023 1.52588993151
0.1188945899 0.62712466197 1.528085267
0.11892691306 0.628203861537 1.52669590103
0.118920571591 0.629271279585 1.53394194923
0.118981408891 0.630326974554 1.53822184655
0.119047012646 0.631371021141 1.53431031023
0.11903228012 0.63240350752 1.53403383868
0.119077176952 0.633424532996 1.53767527996
0.119008727341 0.634434206029 1.54274368835
0.11903018997 0.635432642567 1.54318798767
0.119002104214 0.636419964627 1.54622416958
0.119130254827 0.637396299089 1.54531020975
0.119226738283 0.638361776678 1.54125837982
0.119277483114 0.639316531083 1.54086309543
0.119214931112 0.640260698215 1.54203990482
0.119260792502 0.641194415571 1.53703015533
0.119091359938 0.642117821689 1.54005671021
0.119228541344 0.64303105568 1.54302481562
0.11927695291 0.643934256834 1.54293730688
0.119348584681 0.644827564277 1.54021167738
0.119291156483 0.645711116684 1.53921781999
0.119260805722 0.646585052028 1.54477132184
0.11943441296 0.647449507375 1.54251198113
0.119456151641 0.648304618701 1.5476545252
0.119408409661 0.649150520744 1.5503734974
0.119453323433 0.64998734688 1.54900154281
0.119480387932 0.650815229012 1.54877898692
0.11960332909 0.651634297486 1.54993916895
0.11955322882 0.652444681021 1.55033176091
0.119674510459 0.653246506644 1.55015005994
0.119616214849 0.654039899653 1.55062837848
0.119686015636 0.654824983572 1.55232817469
0.119738513895 0.655601880131 1.55384946894
0.119763700975 0.656370709242 1.55086455454
0.119708618589 0.657131588988 1.55328264226
0.119756810613 0.657884635619 1.552126564
0.119807395202 0.658629963545 1.5598657487
0.119779128039 0.659367685346 1.55826763987
0.11977738162 0.660097911771 1.55725402838
0.119894968768 0.660820751755 1.5544574562
0.119764725526 0.661536312427 1.55808223445
0.1198416215 0.662244699129 1.56313510915
0.119833272249 0.662946015428 1.56195436395
0.119902845854 0.663640363143 1.56482987941
0.120032004041 0.664327842359 1.57102562316
0.12007533312 0.665008551452 1.57212451828
0.120160725211 0.66568258711 1.57445254848
0.120220091696 0.666350044358 1.57706720497
0.120185951075 0.667011016585 1.58428562633
0.120188270847 0.667665595562 1.59209354668
0.12020708557 0.668313871475 1.58888419269
0.120164679704 0.668955932947 1.59307223344
0.120117090791 0.669591867062 1.59345476528
0.120220310906 0.670221759396 1.58957061507
0.12029312198 0.670845694039 1.58929951844
0.120404538241 0.671463753621 1.59244361115
0.120325374615 0.672076019341 1.59211859305
0.120542702804 0.67268257099 1.59672292697
0.120587137332 0.673283486979 1.59994004279
0.120556415566 0.67387884436 1.59679213612
0.120530329603 0.674468718857 1.59902830294
0.120633414367 0.675053184887 1.5942722873
0.120730525823 0.675632315583 1.59451548315
0.120816951185 0.676206182825 1.5999982888
0.120772879734 0.676774857257 1.60262104445
0.120753525751 0.677338408313 1.60085361671
0.120922104483 0.677896904241 1.60095234311
0.120939077356 0.678450412126 1.60734569146
0.12091745095 0.678998997911 1.60618877438
0.121031851203 0.679542726419 1.60891316949
0.121092950568 0.680081661376 1.60927393858
0.121080083269 0.680615865432 1.61125721313
0.121138330123 0.681145400181 1.61202420023
0.121200028275 0.681670326184 1.61561779631
0.121245947303 0.682190702985 1.62431467968
0.121436541436 0.682706589135 1.62432242666
0.121511094047 0.683218042208 1.62107416067
0.121606567248 0.683725118823 1.62112812296
0.1215973004 0.684227874659 1.62259926272
0.121672570016 0.684726364478 1.6223457261
0.121738324612 0.685220642138 1.62504359457
0.121731938929 0.685710760614 1.62964312518
0.121636305678 0.686196772014 1.62718974396
0.121638643992 0.686678727595 1.62422914378
0.121614733512 0.687156677781 1.62284781071
0.121572446234 0.687630672178 1.62319795094
0.12173032288 0.68810075959 1.62747151797
0.121747772768 0.688566988035 1.62802515315
0.121848414821 0.689029404759 1.63073638466
0.121937041658 0.689488056254 1.63214455244
0.122063673194 0.689942988266 1.63292873604
0.122049202495 0.690394245817 1.62980951953
0.122040124694 0.690841873213 1.62914761986
0.121946509797 0.69128591406 1.62884803563
0.121894569381 0.691726411279 1.63097864208
0.12191226269 0.692163407116 1.63405259754
0.121889517157 0.692596943154 1.63791787255
0.121859475095 0.69302706033 1.63810480909
0.121887438078 0.693453798944 1.6383081035
0.121919042165 0.693877198671 1.63397219187
0.121930097261 0.694297298574 1.63871408278
0.121737210379 0.694714137115 1.63936779108
0.121884505556 0.695127752165 1.64040206347
0.122035306865 0.695538181016 1.64159055459
0.122199073506 0.695945460393 1.64583218056
0.122191879529 0.696349626462 1.64587696543
0.122237394868 0.696750714843 1.65146000267
0.122251455349 0.697148760618 1.65123752906
0.12235578692 0.69754379834 1.64830803495
0.12227942895 0.697935862047 1.64795920631
0.12246530177 0.698324985267 1.65467043934
0.122395874591 0.698711201029 1.66038042566
0.122506169896 0.699094541872 1.66005502005
0.122494997767 0.699475039855 1.65151520576
0.122427480966 0.699852726563 1.65238351017
0.122401892264 0.700227633118 1.65967806687
0.122306014796 0.700599790187 1.65991736109
0.122476172043 0.700969227989 1.662701503
0.122381012368 0.701335976303 1.65982813737
0.122338903649 0.701700064478 1.66148665712
0.122390019473 0.702061521437 1.66301519388
0.122391067144 0.702420375689 1.66504999968
0.122415958186 0.702776655332 1.66469726852
0.122322551687 0.703130388064 1.6652920857
0.12230741728 0.703481601186 1.6682781122
0.122256937035 0.703830321614 1.66695695048
0.122155094367 0.70417657588 1.66455277432
0.122276504584 0.704520390144 1.66747076799
0.122125525434 0.704861790197 1.66294477777
0.122178018237 0.705200801469 1.66439113351
0.122057396184 0.705537449033 1.6643470413
0.122156800999 0.705871757616 1.66664111611
0.122272215269 0.706203751598 1.66631717255
0.122333302396 0.706533455025 1.66261865748
0.122442609414 0.70686089161 1.66756994857
0.122443636367 0.70718608474 1.67321445563
0.122304135826 0.707509057481 1.67266440369
0.122343307403 0.707829832585 1.66824417844
0.122395388822 0.708148432496 1.66635080864
0.122303414844 0.708464879349 1.66088929993
0.122233874199 0.708779194985 1.66733430148
0.122352908994 0.709091400946 1.66813524283
0.122379895298 0.709401518488 1.66785561948
0.122394162102 0.70970956858 1.6730896455
0.122434988525 0.710015571912 1.67374803225
0.122563191916 0.7103195489 1.67123282071
0.122535322604 0.710621519686 1.66816728098
0.122353695528 0.71092150415 1.66671784079
0.122408180406 0.711219521907 1.66907540894
0.122403603952 0.711515592314 1.66620375247
0.122510163955 0.711809734477 1.66493273945
0.122584290869 0.712101967251 1.66705956875
0.122638781704 0.712392309245 1.66090003288
0.122672312698 0.712680778829 1.6664316428
0.122638154946 0.712967394133 1.66523937423
0.122695629859 0.713252173055 1.66590448957
0.122815630693 0.713535133262 1.66597434541
0.122769735025 0.713816292196 1.66500979574
0.122690563929 0.714095667074 1.6674041335
0.122774182864 0.714373274897 1.66773798515
0.122834449951 0.714649132448 1.66867978638
0.122949558324 0.714923256298 1.67001087739
0.122762293015 0.715195662811 1.67083193939
0.122834030052 0.715466368142 1.66916502214
0.122812243801 0.715735388245 1.66950936404
0.122761063675 0.716002738877 1.67288180688
0.122866627566 0.716268435596 1.67471698124
0.122910670074 0.716532493767 1.67720094604
0.122695432935 0.716794928566 1.67414456685
0.122948191136 0.71705575498 1.67734848676
0.122865857509 0.717314987815 1.68100233446
0.122879752397 0.717572641691 1.6782694928
0.122946816748 0.717828731052 1.68262480598
0.122914143098 0.718083270166 1.68392177924
0.122864482078 0.718336273127 1.68142207064
0.122872239017 0.718587753857 1.67512569618
0.122989837744 0.718837726112 1.67826559615
0.122963678441 0.71908620348 1.67688589566
0.122821260241 0.719333199388 1.67948026954
0.123038218894 0.719578727101 1.68119757622
0.122936903988 0.719822799726 1.68829515086
0.122984122274 0.720065430215 1.67984023678
0.12298367212 0.720306631363 1.68430726031
0.123071297483 0.720546415817 1.68927336025
0.123078755076 0.720784796075 1.68485004763
0.123091259472 0.721021784484 1.68534194519
0.123088287139 0.721257393251 1.68397715123
0.122982473473 0.721491634438 1.68538429023
0.122928511747 0.721724519965 1.68237149733
0.122848325839 0.721956061616 1.68306204502
0.122748787308 0.722186271037 1.6870026314
0.122825399555 0.72241515974 1.68428386474
0.122802284672 0.722642739104 1.68744681524
0.122794078894 0.722869020378 1.68755526341
0.122771390535 0.72309401468 1.6899676316
0.12285211102 0.723317733003 1.6857496172
0.122786148692 0.723540186214 1.68377067297
0.122923754267 0.723761385057 1.68317390668
0.122859680168 0.723981340154 1.68693183932
0.122918387883 0.724200062007 1.69043978992
0.122916639811 0.724417560999 1.69086524621
0.123026361172 0.724633847398 1.69278115391
0.122970440405 0.724848931356 1.68985479955
0.122997904718 0.725062822911 1.68404254557
0.123011629998 0.72527553199 1.68862966239
0.122980668509 0.725487068411 1.69258659143
0.123011261089 0.72569744188 1.69054183826
0.123124508673 0.725906662 1.69603080718
0.123008782056 0.726114738264 1.69860507872
0.123048621802 0.726321680063 1.70364220462
0.123032835319 0.726527496686 1.70545736252
0.123132294736 0.726732197318 1.70822608134
0.123064656138 0.726935791046 1.70669144544
0.123215122744 0.727138286857 1.70773337207
0.12320483311 0.727339693643 1.70526169805
0.123277827341 0.727540020197 1.71031123455
0.123118687878 0.727739275218 1.71115762958
0.122959867444 0.727937467312 1.71402034497
0.122998408725 0.728134604994 1.70952153651
0.123006501627 0.728330696686 1.71031037367
0.12289986343 0.728525750722 1.70839272555
0.123168372575 0.728719775344 1.71096883989
0.123236226177 0.728912778712 1.714994116
0.123278087514 0.729104768895 1.71262523155
0.123292832846 0.729295753878 1.71186892301
0.123289885243 0.729485741565 1.71508256117
0.123223610619 0.729674739774 1.71565719707
0.123387317552 0.729862756241 1.7153439501
0.123320276579 0.730049798623 1.72040813309
0.123283396896 0.730235874497 1.72163049677
0.12326330009 0.730420991361 1.72681964387
0.123387597854 0.730605156635 1.7322626349
0.123517625334 0.730788377663 1.72889376174
0.123505317395 0.730970661714 1.73360555481
0.123517493943 0.73115201598 1.7323188467
0.123439511882 0.731332447582 1.72465961415
0.123387691549 0.731511963566 1.72875277175
0.123556667947 0.731690570908 1.73006924027
0.123571435756 0.731868276513 1.73316351219
0.12341058146 0.732045087215 1.73174675147
0.123389028884 0.732221009779 1.73362299129
0.123389471737 0.732396050901 1.73949457107
0.123365444678 0.732570217213 1.73939138141
0.123207295406 0.732743515276 1.73428393885
0.123253185227 0.732915951589 1.73435956868
0.123284452571 0.733087532584 1.73802698778
0.123459526088 0.733258264629 1.74246753181
0.123451220961 0.73342815403 1.7366038505
0.123710309072 0.733597207029 1.74161467491
0.123603426266 0.733765429807 1.73996979191
0.123585308493 0.733932828485 1.7439140699
0.123764020052 0.734099409122 1.74831093833
0.12370150714 0.734265177719 1.74203283022
0.123769897552 0.734430140218 1.74198895778
0.123675556568 0.734594302502 1.74042190979
0.12377711943 0.734757670397 1.74249504766
0.123898051 0.734920249674 1.74516538105
0.123802523229 0.735082046046 1.75180235244
0.123959556604 0.735243065173 1.7519124386
0.123995732287 0.735403312657 1.75591295022
0.124118910023 0.73556279405 1.75961561843
0.124126571388 0.735721514848 1.75926342046
0.124098409123 0.735879480496 1.75719971926
0.124147393196 0.736036696385 1.75895003889
0.124123996093 0.736193167857 1.75701359356
0.124260401153 0.736348900203 1.75952097159
0.124271565112 0.736503898661 1.75916628554
0.124151742476 0.736658168423 1.75531382442
0.124158977293 0.73681171463 1.75590746553
0.124116082574 0.736964542374 1.76135840591
0.124251258865 0.737116656703 1.76089203632
0.124045450025 0.737268062612 1.75864281443
0.124397979505 0.737418765055 1.76164308473
0.12427814698 0.737568768935 1.75816825414
0.124395109013 0.737718079112 1.76056048458
0.124480682846 0.737866700401 1.75913488145
0.124304305018 0.738014637572 1.75708317816
0.124051973888 0.73816189535 1.75546056426
0.124036872666 0.738308478417 1.75258025667
0.124117166098 0.738454391413 1.75384413256
0.124257560154 0.738599638935 1.7562331742
0.124340824819 0.738744225536 1.75750020923
0.124437272596 0.73888815573 1.76136846909
0.124605654571 0.739031433988 1.76195208656
0.124631200334 0.739174064743 1.75956772782
0.124887997895 0.739316052384 1.76244844202
0.124860386034 0.739457401264 1.76327502485
0.124619868699 0.739598115694 1.76630167859
0.124764307133 0.739738199947 1.76449124604
0.124745443303 0.739877658259 1.76152508781
0.124652186779 0.740016494826 1.75957077245
0.124631942508 0.740154713808 1.76206205733
0.124573001538 0.740292319326 1.76256128303
0.124506620741 0.740429315467 1.76026441812
0.124610381126 0.740565706279 1.75714974207
0.124678014045 0.740701495776 1.75635236945
0.124386547317 0.740836687936 1.75441704584
0.124395648032 0.740971286701 1.75286636156
0.124677317223 0.74110529598 1.75341033095
0.124569154442 0.741238719645 1.74717552497
0.124699186406 0.741371561538 1.74839232757
0.124877467464 0.741503825463 1.75451791383
0.125018254591 0.741635515194 1.75555617379
0.124740896942 0.741766634472 1.75621736147
0.124997567663 0.741897187003 1.75622816159
0.125127538784 0.742027176463 1.75826790089
0.124939164923 0.742156606496 1.75840731272
0.124685676135 0.742285480714 1.76022770255
0.124588948553 0.742413802698 1.7589718161
0.124875750935 0.742541575999 1.75975332607
0.124803030687 0.742668804135 1.76409802247
0.1248618979 0.742795490598 1.76633107648
0.124878523432 0.742921638847 1.76473212378
0.124947099646 0.743047252313 1.76425910335
0.12483718987 0.743172334397 1.76036640825
0.12495850457 0.74329688847 1.76584052381
0.124929586639 0.743420917879 1.75995367547
0.124785504332 0.743544425937 1.7626722914
0.124712347902 0.743667415933 1.76133330073
0.124721066767 0.743789891127 1.76069633071
0.12471319774 0.743911854752 1.76228996828
0.124889430079 0.744033310013 1.76503235394
0.12494728277 0.744154260089 1.76195079887
0.12483893977 0.744274708133 1.76213989824
0.124891724819 0.74439465727 1.76802428996
0.124876231035 0.744514110602 1.76998389169
0.124854812429 0.744633071201 1.77126342607
0.124955608381 0.744751542118 1.77667752641
0.124786614171 0.744869526376 1.77419789466
0.12483833185 0.744987026975 1.77672222502
0.124971961769 0.745104046888 1.78372487435
0.125125962816 0.745220589065 1.78478532365
0.125304353963 0.745336656433 1.77897704587
0.125460452057 0.745452251894 1.78364948243
0.12530061984 0.745567378324 1.77691067882
0.125276628411 0.74568203858 1.78005089129
0.125137560553 0.745796235493 1.77761047288
0.124994515004 0.745909971872 1.77661844472
0.125103975408 0.746023250503 1.77997711269
0.125227985905 0.746136074149 1.77763395524
0.125235366001 0.746248445551 1.77351679685
0.125183060472 0.74636036743 1.77892713682
0.125472614168 0.746471842482 1.77982441343
0.12547203033 0.746582873383 1.78169423462
0.125656512653 0.746693462788 1.78041949043
0.125591059813 0.74680361333 1.77973164021
0.125509028618 0.746913327622 1.78458641635
0.125390476154 0.747022608256 1.78013386363
0.125294900865 0.747131457801 1.78260690114
0.12549437783 0.74723987881 1.78235949316
0.125633379488 0.747347873813 1.78417897056
0.125404876156 0.747455445321 1.7799422985
0.125525249405 0.747562595825 1.77984634516
0.125485567783 0.747669327795 1.78214332503
0.125245545801 0.747775643686 1.77644549067
0.12544840025 0.747881545928 1.77965816765
0.125689109643 0.747987036937 1.78401838858
0.125450256608 0.748092119108 1.78198023748
0.125752486678 0.748196794817 1.78314796619
0.125687812895 0.748301066423 1.78258525457
0.12565948854 0.748404936266 1.78034986555
0.12571048178 0.748508406666 1.78295479397
0.125860834693 0.74861147993 1.78259641361
0.125743360921 0.748714158341 1.77968240092
0.125776964327 0.748816444171 1.78166251696
0.125858700166 0.748918339669 1.78084156908
0.125676882019 0.749019847071 1.78412606439
0.125705180778 0.749120968592 1.78693604968
0.125650130064 0.749221706434 1.78293383438
0.125579662429 0.749322062779 1.78281727155
0.125737779248 0.749422039795 1.7870736003
0.125672288519 0.749521639633 1.78386649992
0.125633467087 0.749620864426 1.78591962751
0.125547085974 0.749719716292 1.78546120271
0.125689520689 0.749818197334 1.78776800924
0.12574619124 0.749916309639 1.78930196777
0.125488764141 0.750014055276 1.79155040544
0.125540453961 0.750111436302 1.78269329289
0.125577630364 0.750208454755 1.78478048456
0.125421177231 0.750305112661 1.78191559866
0.125421003818 0.75040141203 1.78600422138
0.125430257881 0.750497354856 1.78635257736
0.12568882368 0.750592943118 1.78769445269
0.125674131685 0.750688178782 1.79293781204
0.125826264504 0.750783063799 1.79323726706
0.125610805045 0.750877600106 1.79537188013
0.125652365723 0.750971789623 1.79665297155
0.125705923858 0.751065634259 1.79561184848
0.125608804492 0.751159135908 1.79411754504
0.125611986806 0.75125229645 1.79585146148
0.125609132737 0.751345117751 1.79384451628
0.125561192468 0.751437601664 1.79380486201
0.125448669584 0.751529750028 1.78956077602
0.125522324238 0.751621564669 1.79104941947
0.125884062497 0.7517130474 1.79861571953
0.125737201021 0.75180420002 1.79838521457
0.12575942356 0.751895024315 1.79852656788
0.125695093019 0.75198552206 1.80306058809
0.125654987209 0.752075695014 1.80110152089
0.125788994568 0.752165544926 1.80311001508
0.125718750548 0.752255073532 1.80023056974
0.125884122792 0.752344282555 1.80298841548
0.125961968684 0.752433173706 1.80464364682
0.126048503455 0.752521748682 1.8061225038
0.125935873427 0.752610009172 1.80782191902
0.125953680106 0.752697956849 1.80375428331
0.125879423852 0.752785593376 1.80409070692
0.125949759397 0.752872920404 1.806558712
0.126010331332 0.752959939572 1.80698168217
0.126015038933 0.753046652508 1.80556256328
0.126034501712 0.753133060827 1.80815946908
0.125907552985 0.753219166136 1.8093098555
0.126011525653 0.753304970026 1.81556185187
0.125837657761 0.753390474081 1.81498687186
0.125954147941 0.753475679872 1.81006363048
0.125841960656 0.753560588959 1.81398417464
0.12582247287 0.753645202891 1.815303985
0.126059263434 0.753729523208 1.82043133137
0.12604776051 0.753813551436 1.82035012021
0.126012398977 0.753897289094 1.81927882776
0.126165459558 0.753980737688 1.81907717448
0.126285565584 0.754063898715 1.81912910311
0.126423241315 0.75414677366 1.8171795281
0.126329225795 0.754229364 1.82228847141
0.126344481462 0.7543116712 1.81934248174
0.126361688618 0.754393696716 1.82086805255
0.126354879641 0.754475441993 1.82347195425
0.126405231746 0.754556908468 1.8247823332
0.126299781836 0.754638097565 1.82539218817
0.126275244706 0.754719010703 1.82238050486
0.126381017429 0.754799649286 1.82892617604
0.126406067669 0.754880014712 1.82951129271
0.126497409455 0.754960108369 1.83381655262
0.126524881031 0.755039931635 1.8288505466
0.126480814335 0.755119485878 1.83128806895
0.126589276589 0.755198772459 1.83787635563
0.126660803582 0.755277792727 1.83242793024
0.126671503592 0.755356548024 1.83688211052
0.126876039284 0.755435039683 1.836695755
0.126964467158 0.755513269027 1.84427864698
0.126962225589 0.75559123737 1.8448374977
0.126963486769 0.755668946018 1.84566052825
0.126869902204 0.755746396269 1.84378975762
0.127004108225 0.75582358941 1.85137037911
0.126998382485 0.755900526722 1.84998926962
0.126970559025 0.755977209476 1.8510469239
0.127083882775 0.756053638936 1.85145145191
0.127237764903 0.756129816354 1.84764352562
0.127065758266 0.756205742979 1.848773709
0.127134883791 0.756281420048 1.85429587704
0.127346648221 0.756356848791 1.85154130221
0.127249013948 0.75643203043 1.85123228234
0.127200199284 0.756506966179 1.85441260453
0.127224869442 0.756581657243 1.86130198697
0.127264160988 0.756656104822 1.86482272373
0.127405772533 0.756730310104 1.86883516372
0.127469345679 0.756804274273 1.86627940349
0.127539147144 0.756877998503 1.86960621276
0.127711931431 0.756951483961 1.87026292692
0.127641364256 0.757024731808 1.87204940106
0.127705263825 0.757097743195 1.87491221869
0.127620062636 0.757170519266 1.87531655594
0.127568485408 0.757243061159 1.87668746771
0.127637609437 0.757315370004 1.88104758837
0.127715802092 0.757387446924 1.88360558368
0.127739951403 0.757459293034 1.87748068186
0.127766579412 0.757530909442 1.87493586464
0.127843185578 0.757602297249 1.87583798192
0.127698389672 0.75767345755 1.87255037579
0.127707366437 0.757744391431 1.87109221607
0.127577254309 0.757815099974 1.86503829072
0.127533892199 0.757885584251 1.86542823809
0.127347314377 0.757955845329 1.87061517111
0.127587235553 0.758025884268 1.87429308477
0.127552511419 0.758095702121 1.87073938644
0.127510657703 0.758165299934 1.87043936576
0.127534192923 0.758234678747 1.87448390479
0.127529340467 0.758303839594 1.87706722163
0.127656705837 0.758372783501 1.87801755526
0.127835210363 0.758441511489 1.88183928784
0.127671237871 0.758510024571 1.87916513863
0.127660816284 0.758578323755 1.87780296832
0.127575673245 0.758646410043 1.87318217485
0.127559253368 0.75871428443 1.87221281891
0.127678584241 0.758781947903 1.87158833584
0.127705620683 0.758849401447 1.87065903058
0.127794278413 0.758916646038 1.87309938118
0.127798473613 0.758983682646 1.8793891422
0.127896780358 0.759050512235 1.87420895075
0.127804904896 0.759117135766 1.87712597074
0.12773764201 0.759183554189 1.8778935107
0.127635338582 0.759249768452 1.8757862118
0.127758693954 0.759315779495 1.88065218547
0.127758965092 0.759381588255 1.88316363278
0.127810852157 0.759447195661 1.88291554209
0.127832819947 0.759512602635 1.88434892248
0.12786175212 0.759577810097 1.88403164513
0.12776088624 0.759642818958 1.88146385425
0.127804813391 0.759707630127 1.88534796493
0.127730442927 0.759772244503 1.8908057563
0.127860203274 0.759836662984 1.8881694816
0.128081500712 0.75990088646 1.89151406158
0.128001752104 0.759964915815 1.89376665252
0.127918557576 0.760028751929 1.89108766066
0.127908338397 0.760092395678 1.8909610925
0.127967623588 0.76015584793 1.89013815711
0.128003572499 0.760219109549 1.892412576
0.128029532335 0.760282181393 1.89898214894
0.128175042708 0.760345064317 1.89792061184
0.128137175559 0.760407759169 1.89515174798
0.12806621329 0.760470266792 1.89478715731
0.128148689259 0.760532588025 1.90047025295
0.128105744237 0.760594723701 1.90393565116
0.128172066612 0.760656674648 1.9104570474
0.12827644675 0.760718441689 1.91145135685
0.12849983521 0.760780025644 1.91620186072
0.128381768345 0.760841427326 1.91604507431
0.128352203925 0.760902647544 1.91088593123
0.128412253438 0.760963687102 1.9094141885
0.128380970784 0.7610245468 1.9090844196
0.128319340518 0.761085227431 1.90953144595
0.128431099179 0.761145729786 1.90830371429
0.128390090953 0.76120605465 1.9100905449
0.128376944907 0.761266202805 1.91065767189
0.128382010384 0.761326175025 1.91326814001
0.128470645819 0.761385972083 1.91213618663
0.128521931392 0.761445594746 1.90775663438
0.128570412291 0.761505043776 1.91126546113
0.128588786559 0.761564319932 1.91362781037
0.1287371328 0.761623423966 1.91563793733
0.12889272789 0.76168235663 1.92046368743
0.128921435607 0.761741118666 1.92059235899
0.128673807522 0.761799710817 1.92256577681
0.129030190471 0.761858133819 1.92312524407
0.128977329402 0.761916388403 1.92677982047
0.129080520115 0.761974475298 1.92437699352
0.129116081181 0.762032395228 1.92846968753
0.129240719332 0.762090148912 1.92980709
0.129127814762 0.762147737065 1.92765915565
0.129196236213 0.762205160399 1.92639753045
0.129207893618 0.76226241962 1.92697279347
0.129128953062 0.762319515434 1.92856409728
0.12924186896 0.762376448537 1.92744823421
0.129353701661 0.762433219627 1.92695472065
0.129531226418 0.762489829393 1.92688909271
0.129518223522 0.762546278523 1.92688761914
0.129615011594 0.762602567702 1.93062193827
0.129625825479 0.762658697607 1.92929738051
0.129812534324 0.762714668915 1.93719028192
0.129828524398 0.762770482298 1.93619859126
0.129783770477 0.762826138424 1.93077895831
0.129838307193 0.762881637957 1.93111545366
0.129898824867 0.762936981558 1.932471084
0.129941203158 0.762992169884 1.93406792553
0.129966671799 0.763047203587 1.93577674699
0.130091886126 0.763102083318 1.94300726056
0.130097400904 0.763156809721 1.93790269458
0.130018446087 0.763211383441 1.93755502205
0.129984820812 0.763265805114 1.94039924832
0.130090120075 0.763320075377 1.94024124695
0.130067101621 0.76337419486 1.9434816953
0.130123397272 0.763428164192 1.94512255187
0.130213358783 0.763481983998 1.94914238153
0.130333839024 0.763535654899 1.95050997824
0.130209126365 0.763589177511 1.9414500351
0.130204275385 0.76364255245 1.94527389815
0.13030840258 0.763695780327 1.94281770377
0.130227571497 0.763748861749 1.94082487464
0.130101600858 0.763801797319 1.93943057559
0.130042278975 0.76385458764 1.93721075184
0.129877108068 0.763907233308 1.93873671331
0.13009237897 0.763959734918 1.93492381271
0.130053872788 0.764012093061 1.93736344285
0.130143386982 0.764064308324 1.93913752404
0.130105905108 0.764116381293 1.93881786419
0.130071520008 0.764168312548 1.93668812236
0.130158958584 0.764220102667 1.94116615436
0.130307663953 0.764271752227 1.94891059756
0.13026017531 0.764323261798 1.94709615491
0.130282449432 0.76437463195 1.94655949007
0.130281878415 0.764425863248 1.94837920439
0.130415843597 0.764476956256 1.95104146018
0.13028712774 0.764527911532 1.95343259821
0.130076586162 0.764578729633 1.94815702708
0.130086910181 0.764629411114 1.95075738703
0.130124911419 0.764679956524 1.94955842491
0.130126355163 0.764730366412 1.94400643982
0.130015637115 0.764780641322 1.94090387519
0.130149364073 0.764830781797 1.94354748528
0.13007505603 0.764880788374 1.93861895473
0.130045132328 0.764930661591 1.93836638549
0.129983811217 0.764980401979 1.93672477719
0.130145964406 0.765030010071 1.94180209787
0.130115942477 0.765079486393 1.94556793648
0.130165349992 0.76512883147 1.94542984438
0.130196634253 0.765178045824 1.94435094865
0.130092342199 0.765227129975 1.94160035207
0.13006530545 0.765276084438 1.94063736888
0.129976418815 0.765324909727 1.94134484306
0.129896377609 0.765373606354 1.9457905834
0.129913583003 0.765422174827 1.93958994499
0.129765551856 0.765470615651 1.9437307681
0.129896629804 0.765518929329 1.94479250636
0.130059379305 0.765567116363 1.94746491581
0.129823872362 0.765615177248 1.9482539032
0.129901787931 0.765663112482 1.94873434669
0.130013334219 0.765710922555 1.95414149846
0.129986835305 0.765758607958 1.94956301163
0.12985914201 0.765806169179 1.94854633694
0.1300234634 0.765853606702 1.95064164004
0.12998601655 0.76590092101 1.94993847681
0.129777858658 0.765948112582 1.95163043284
0.129937856943 0.765995181896 1.95599506476
0.130149884343 0.766042129426 1.95833314418
0.130191531688 0.766088955645 1.95729133568
0.130105006128 0.766135661024 1.95861926968
0.130064366247 0.766182246029 1.96458479997
0.130298408029 0.766228711125 1.96911008237
0.130229807417 0.766275056776 1.96203584764
0.130259252064 0.766321283442 1.96080335509
0.130355284383 0.76636739158 1.96673270948
0.130253655146 0.766413381647 1.9638896789
0.13019094407 0.766459254095 1.96228144105
0.130180877565 0.766505009376 1.96738236454
0.130233998173 0.766550647939 1.96646021182
0.130207828823 0.766596170229 1.9714275826
0.130300007515 0.76664157669 1.97264108229
0.130340338029 0.766686867765 1.97145543514
0.130309617824 0.766732043894 1.96876504616
0.130403791477 0.766777105513 1.96701498536
0.130368978658 0.766822053058 1.96736848445
0.130471313313 0.766866886962 1.9740208345
0.130481987743 0.766911607655 1.97314917801
0.130302811306 0.766956215566 1.97341408103
0.130461038919 0.767000711121 1.97241281317
0.130418799757 0.767045094746 1.97258017201
0.130223873595 0.767089366861 1.9707779295
0.130224302334 0.767133527887 1.9783477476
0.130345577261 0.767177578242 1.97498879106
0.130306435162 0.767221518342 1.974422378
0.130286034002 0.7672653486 1.97696335006
0.130107440731 0.767309069428 1.97567079631
0.130342534004 0.767352681235 1.97399916853
0.130259878125 0.76739618443 1.97203222342
0.130262894079 0.767439579417 1.96793371611
0.13013927652 0.767482866601 1.96582037264
0.130264015426 0.767526046383 1.96897565921
0.13031406901 0.767569119161 1.97496643353
0.130657946034 0.767612085335 1.97852852673
0.130728763037 0.767654945299 1.98367590339
0.130810294199 0.767697699447 1.98890610175
0.130866174201 0.76774034817 1.98227167225
0.130625649858 0.767782891859 1.98379022982
0.130691125327 0.767825330901 1.98501077336
0.130761802086 0.767867665682 1.98735584375
0.1308484323 0.767909896586 1.98235984987
0.13094054035 0.767952023996 1.994763661
0.13093064378 0.767994048291 1.99468659285
0.131039668128 0.76803596985 1.992130162
0.131013833576 0.768077789049 1.98557944355
0.131170739638 0.768119506263 1.98401838434
0.131131643144 0.768161121866 1.98860011286
0.130925558844 0.768202636227 1.98858689044
0.131039350143 0.768244049717 1.98998809452
0.131134276854 0.768285362702 1.98817590547
0.131211435344 0.768326575549 1.9900291505
0.131214568263 0.768367688621 1.99271582594
0.13123403536 0.768408702281 1.99070272132
0.131129059496 0.768449616888 2.00006299795
0.131136692538 0.768490432802 1.99685299546
0.131103641567 0.76853115038 1.99770906394
0.131071283036 0.768571769975 1.99132624438
0.131032033629 0.768612291943 1.99414233381
0.131129937953 0.768652716635 1.99353211595
0.131093519749 0.768693044401 1.99319635546
0.131066021435 0.768733275589 1.99412277885
0.131000865149 0.768773410547 1.99405352218
0.131066567385 0.768813449618 1.99407864928
0.131108602004 0.768853393147 1.99258407969
0.131104809612 0.768893241476 1.99662983938
0.131306247982 0.768932994944 1.99587853233
0.13113357437 0.76897265389 1.99714476404
0.1313114821 0.769012218651 1.99768209457
0.131206143571 0.769051689563 1.99844238284
0.131101077056 0.769091066959 1.99797935946
0.130978866359 0.769130351172 2.00101902713
0.130904535514 0.769169542531 2.00118724837
0.130986448559 0.769208641366 2.00002028881
0.130942929669 0.769247648005 2.00534877552
0.130850166008 0.769286562773 2.00911045143
0.130823238306 0.769325385995 2.00509822876
0.130835443682 0.769364117993 2.00040531094
0.130994413179 0.769402759089 2.00382318624
0.131051434924 0.769441309604 2.00321214879
0.130985629898 0.769479769854 2.00303342577
0.131197388261 0.769518140158 2.00584566162
0.131141358925 0.76955642083 2.00541625644
0.131094027421 0.769594612184 2.00851280853
0.131245791555 0.769632714533 2.01096654327
0.131013348332 0.769670728187 2.0074161533
0.131006605606 0.769708653457 2.0067341797
0.130951552711 0.76974649065 2.00427700054
0.13088545696 0.769784240073 2.00226235307
0.130891155965 0.769821902032 2.00488549245
0.130904507611 0.769859476829 2.00276850897
0.130933404895 0.769896964768 2.00591488358
0.130806175095 0.769934366149 2.00616719457
0.130713388799 0.769971681273 2.008615778
0.130789353924 0.770008910437 2.00596906677
0.130707902424 0.770046053938 2.01045887994
0.130698135558 0.770083112071 2.00478974084
0.130655068715 0.770120085132 2.00352741511
0.130665592204 0.770156973412 1.9997948642
0.13067659338 0.770193777203 2.0032712558
0.130807531362 0.770230496795 2.0070184325
0.130860569598 0.770267132478 2.00744350445
0.130847211397 0.770303684538 2.00896563852
0.130995603936 0.770340153261 2.01053732885
0.130946280604 0.770376538933 2.01002583912
0.131016204345 0.770412841837 2.00848800396
0.130944442615 0.770449062255 2.00918640468
0.131105721581 0.770485200469 2.00670696547
0.131066629118 0.770521256757 2.00728831175
0.130968980882 0.770557231399 2.00637532936
0.131095428826 0.770593124671 2.01593770092
0.13105419459 0.77062893685 2.02018537009
0.131086608482 0.77066466821 2.0174438108
0.13116277213 0.770700319025 2.02522707673
0.13119881711 0.770735889567 2.02465906124
0.131358285867 0.770771380106 2.02836353041
0.131326136414 0.770806790913 2.02939294775
0.131411570197 0.770842122255 2.0326489304
0.131338090157 0.770877374402 2.03090513788
0.131371398739 0.770912547618 2.03306230932
0.131302753056 0.770947642168 2.03276590602
0.131343026341 0.770982658316 2.0375354545
0.131479688865 0.771017596326 2.03746427691
0.131566730102 0.771052456458 2.04568071297
0.131750134205 0.771087238972 2.0453617223
0.13181222168 0.771121944128 2.04096606155
0.13178887223 0.771156572183 2.03715916403
0.131730719618 0.771191123395 2.03847599777
0.131579177012 0.771225598018 2.0383408032
0.131711528786 0.771259996308 2.04015505388
0.131834255183 0.771294318518 2.03983765518
0.131681763011 0.7713285649 2.03628336108
0.131736962742 0.771362735706 2.03735455641
0.131757551977 0.771396831185 2.03812983738
0.131836753851 0.771430851586 2.03727830994
0.131801741777 0.771464797157 2.04162371094
0.131916038036 0.771498668145 2.04184785381
0.131885324714 0.771532464796 2.04347294512
0.13194621356 0.771566187354 2.04379754771
0.131936789292 0.771599836062 2.04611215228
0.13187951286 0.771633411164 2.04873373994
0.131994066191 0.7716669129 2.04529967526
0.13196463703 0.771700341511 2.04525249664
0.1318922827 0.771733697236 2.04745377553
0.132047576995 0.771766980313 2.05014572451
0.132090938038 0.771800190981 2.05169973592
0.132253902504 0.771833329474 2.05592620454
0.13212448675 0.771866396027 2.05499771774
0.132153846226 0.771899390876 2.05376588753
0.13214136397 0.771932314253 2.05603420847
0.132163716084 0.771965166391 2.05459451602
0.13211486579 0.771997947519 2.05101254809
0.132230699694 0.77203065787 2.0543337299
0.13198396908 0.77206329767 2.05147671697
0.132071204771 0.77209586715 2.04889755878
0.131916714963 0.772128366535 2.04594083201
0.131824546081 0.772160796052 2.04747342181
0.131942252985 0.772193155927 2.04849192518
0.131766268717 0.772225446382 2.04434203708
0.131819076223 0.772257667643 2.04336506297
0.131921363088 0.77228981993 2.05045542643
0.131974060727 0.772321903466 2.04841592599
0.13207948039 0.77235391847 2.05047981817
0.132149392882 0.772385865163 2.05367615165
0.132139085819 0.772417743762 2.05550502713
0.132206183767 0.772449554485 2.05495436196
0.132069423722 0.772481297549 2.05426021111
0.132037456385 0.77251297317 2.05040072336
0.132165387398 0.772544581563 2.05385771856
0.132133385807 0.772576122941 2.05252895462
0.131986712361 0.772607597517 2.04886914511
0.131998381282 0.772639005504 2.05150761003
0.131872100116 0.772670347112 2.04963851801
0.131873703083 0.772701622553 2.0505314057
0.131877159164 0.772732832035 2.05518060319
0.131918783745 0.772763975766 2.05135859446
0.131887171831 0.772795053956 2.04748658806
0.131842502183 0.77282606681 2.04412840883
0.131785427498 0.772857014534 2.04061865452
0.131912277491 0.772887897334 2.04161523175
0.131804464027 0.772918715414 2.04271768586
0.1319119847 0.772949468976 2.04109672985
0.1319621361 0.772980158224 2.04511713332
0.131879541911 0.773010783359 2.0460625907
0.131897239677 0.773041344582 2.04373565304
0.131848473712 0.773071842092 2.0417030076
0.13188920887 0.77310227609 2.0421545535
0.131980597633 0.773132646773 2.04134999842
0.131927942546 0.773162954338 2.04595861441
0.131806676316 0.773193198984 2.04293042239
0.13184121922 0.773223380904 2.03595667884
0.131849932802 0.773253500294 2.03622429547
0.131872208881 0.773283557349 2.04234154688
0.131848343038 0.773313552262 2.04333253744
0.131892720405 0.773343485226 2.0420764318
0.131896744654 0.773373356431 2.04538005847
0.131817329875 0.77340316607 2.04586679719
0.131970763964 0.773432914333 2.04680682225
0.131955985303 0.773462601408 2.04433543088
0.132036089877 0.773492227486 2.04740784968
0.132096133929 0.773521792752 2.04362380807
0.131924426562 0.773551297396 2.04677820253
0.132031206332 0.773580741603 2.05112717171
0.131978419253 0.773610125558 2.04763341391
0.132054903808 0.773639449447 2.05312044609
0.132116542068 0.773668713453 2.0538088171
0.132251470892 0.773697917761 2.05242424584
0.132150390394 0.773727062551 2.05337626677
0.132064877778 0.773756148008 2.0533137781
0.132165035898 0.77378517431 2.05526893444
0.132220775604 0.77381414164 2.05412180804
0.132215233068 0.773843050176 2.05937681365
0.132528043251 0.773871900097 2.05855730473
0.132426804392 0.773900691581 2.06056150048
0.132365144622 0.773929424807 2.05444598096
0.132278200128 0.77395809995 2.05921708822
0.132210403261 0.773986717187 2.062018045
0.132115158829 0.774015276693 2.05902693812
0.132264100523 0.774043778643 2.06560063018
0.132322559246 0.77407222321 2.06030378577
0.132199750025 0.774100610568 2.06210311125
0.132222114067 0.774128940889 2.06497752917
0.132320737355 0.774157214345 2.06168841812
0.132367978412 0.774185431108 2.06745626235
0.132644381051 0.774213591346 2.07283023008
0.132462007671 0.774241695231 2.07491086334
0.13245811858 0.774269742932 2.07178646995
0.132504182047 0.774297734616 2.07316804834
0.132681671698 0.774325670452 2.07394668887
0.132659732546 0.774353550606 2.07773661229
0.132728794994 0.774381375245 2.08178576839
0.132737014336 0.774409144535 2.08661812684
0.132876294145 0.774436858641 2.08794823906
0.132806414527 0.774464517726 2.08875147733
0.132723873906 0.774492121956 2.09273629865
0.132710759562 0.774519671493 2.09315430116
0.13270079655 0.774547166499 2.09758692171
0.132762848088 0.774574607136 2.09775199359
0.132695509136 0.774601993566 2.09680945748
0.132826605964 0.774629325948 2.09598195144
0.132802727295 0.774656604444 2.0982290512
0.132743028161 0.774683829212 2.09276359583
0.13258552295 0.77471100041 2.09609824667
0.132771904847 0.774738118197 2.10008304252
0.132816759061 0.774765182731 2.10483707383
0.132841088178 0.774792194168 2.10604909401
0.132867142016 0.774819152663 2.10711729758
0.132898875249 0.774846058374 2.10483266705
0.132935748599 0.774872911454 2.10847539482
0.133127324774 0.774899712058 2.10541785395
0.133143516509 0.77492646034 2.11442261094
0.133091373759 0.774953156453 2.10935291117
0.133252952143 0.77497980055 2.10453181804
0.133179360378 0.775006392781 2.10455768256
0.133331021411 0.7750329333 2.10608868899
0.133137182091 0.775059422256 2.10590907327
0.133167970413 0.7750858598 2.10501405305
0.1330791862 0.775112246081 2.09784298562
0.133233374063 0.775138581248 2.09791134328
0.133139109773 0.77516486545 2.10262713809
0.132961733686 0.775191098835 2.10165616177
0.13288793439 0.77521728155 2.10304071003
0.132997594652 0.775243413741 2.10277326982
0.133059575328 0.775269495555 2.10250839397
0.133124192839 0.775295527138 2.10288204008
0.133201627961 0.775321508633 2.09982329439
0.133193378765 0.775347440187 2.10135784226
0.133225503166 0.775373321943 2.10721516683
0.133191662524 0.775399154044 2.10444440965
0.133213005039 0.775424936633 2.10896057743
0.13315572233 0.775450669852 2.10161795666
0.133200429721 0.775476353843 2.10759625799
0.133273578258 0.775501988747 2.11380970493
0.133333660501 0.775527574706 2.11850150102
0.133570215718 0.775553111858 2.11997173556
0.133419198172 0.775578600344 2.11448403192
0.133241089055 0.775604040302 2.11581561043
0.133216188296 0.775629431871 2.11451899905
0.133123606909 0.77565477519 2.10943269384
0.133204355652 0.775680070395 2.11023516471
0.133143845674 0.775705317623 2.11152451226
0.1331334347 0.775730517011 2.1031847936
0.132996789059 0.775755668696 2.10177223595
0.133014764693 0.775780772811 2.10076347431
0.13290854708 0.775805829492 2.10287532799
0.132910675093 0.775830838874 2.10473222744
0.132885582418 0.77585580109 2.10911003961
0.132808838753 0.775880716274 2.10365166957
0.132847310868 0.775905584558 2.10858915366
0.132848121523 0.775930406075 2.10584259094
0.132813056278 0.775955180956 2.10996807544
0.133027583747 0.775979909334 2.11049646391
0.133148757801 0.776004591339 2.1100562801
0.133212407352 0.776029227101 2.11148751212
0.133343982991 0.77605381675 2.11420672961
0.133541293306 0.776078360416 2.11964854432
0.133452632255 0.776102858227 2.11801134419
0.133556189159 0.776127310312 2.11813844795
0.133585469133 0.776151716799 2.12349764076
0.133740109051 0.776176077815 2.12885893123
0.133458440435 0.776200393488 2.1292070357
0.133397956281 0.776224663944 2.12803477311
0.133458259562 0.776248889308 2.12835529292
0.133553203632 0.776273069707 2.12674183898
0.133652598888 0.776297205266 2.13025534718
0.133679919272 0.776321296109 2.12845410124
0.133599560667 0.776345342361 2.1261158765
0.13342871846 0.776369344145 2.12759917282
0.13356027234 0.776393301584 2.12976325353
0.133551013367 0.776417214802 2.12698918749
0.133576804258 0.776441083921 2.13102768884
0.133417389416 0.776464909062 2.12960362847
0.133352518321 0.776488690348 2.12937258243
0.133321339716 0.776512427898 2.12766887373
0.133396640749 0.776536121835 2.12556939771
0.133338186569 0.776559772277 2.12508931739
0.133177431713 0.776583379345 2.12239508626
0.133220602369 0.776606943158 2.12719414423
0.133165493523 0.776630463834 2.12850063727
0.133073304976 0.776653941493 2.12736000331
0.132999666812 0.776677376251 2.12886791678
0.132991690205 0.776700768227 2.12620424765
0.13289125847 0.776724117538 2.1260641035
0.133013766165 0.7767474243 2.1295846959
0.132887953721 0.776770688629 2.12913954234
0.132998283011 0.776793910642 2.12961662229
0.133181530505 0.776817090454 2.13172216151
0.133144719945 0.776840228179 2.12900512475
0.133126208692 0.776863323932 2.12962438992
0.13311421321 0.776886377828 2.12964151222
0.133070357846 0.776909389981 2.13203691092
0.133137557962 0.776932360502 2.13449245494
0.133271195291 0.776955289506 2.13838456253
0.133299844976 0.776978177105 2.13760995657
0.133319613395 0.777001023411 2.14073216234
0.133341938668 0.777023828536 2.13915633338
0.133322733583 0.77704659259 2.14119688878
0.133332592722 0.777069315685 2.13927919422
0.133382565581 0.777091997932 2.14089901837
0.133463544538 0.77711463944 2.14787478837
0.13337712716 0.777137240319 2.15348071046
0.133542995679 0.777159800679 2.15355402473
0.133586505356 0.777182320628 2.16075297899
0.133577382077 0.777204800275 2.16635164022
0.133568994723 0.777227239727 2.16859106495
0.133548991244 0.777249639094 2.16570315057
0.133403627565 0.777271998481 2.16210702593
0.133294165073 0.777294317997 2.15662444805
0.133163721753 0.777316597747 2.15430515059
0.13305211592 0.777338837838 2.15363376282
0.133054749648 0.777361038376 2.15433158955
0.132997899075 0.777383199466 2.15601600859
0.133117522297 0.777405321213 2.15927785867
0.13316445192 0.777427403722 2.16192015359
0.133071110811 0.777449447097 2.15679145409
0.133410429181 0.777471451443 2.16208000765
0.133344099505 0.777493416863 2.16191675078
0.133251658809 0.777515343459 2.16256355918
0.133262181887 0.777537231336 2.16552962934
0.133215392034 0.777559080595 2.16452247042
0.133225740228 0.777580891339 2.16615403363
0.133357032431 0.777602663669 2.16790573141
0.133414702156 0.777624397687 2.17332941884
0.133516863959 0.777646093494 2.17015089516
0.133507610312 0.777667751191 2.17018158851
0.133708566753 0.777689370878 2.17545179778
0.133859085009 0.777710952654 2.18068385449
0.133947559824 0.77773249662 2.18433179309
0.134221339607 0.777754002876 2.18380942905
0.134258646009 0.777775471519 2.18471776907
0.134222605592 0.777796902649 2.17962108197
0.134115572935 0.777818296363 2.18278220719
0.134336148237 0.777839652761 2.18792145334
0.134364641064 0.777860971939 2.18692097498
0.134510231276 0.777882253994 2.18836692488
0.134643726698 0.777903499024 2.18976299139
0.134449308608 0.777924707125 2.19471849179
0.134565218087 0.777945878393 2.19731190986
0.134758802758 0.777967012925 2.1958920174
0.134785169929 0.777988110815 2.19902170243
0.134656595544 0.778009172159 2.19898652087
0.134538797738 0.778030197052 2.19872659965
0.134582159988 0.778051185589 2.20196016968
0.134646669616 0.778072137864 2.20234122562
0.134613588361 0.77809305397 2.20248343656
0.134733078654 0.778113934001 2.20451496167
0.134623760522 0.778134778051 2.2051458048
0.134669069895 0.778155586213 2.20158526827
0.134823431282 0.778176358579 2.20230795825
0.134866945364 0.778197095241 2.20343910531
0.134918032548 0.778217796292 2.20324528226
0.134719427575 0.778238461823 2.20233757359
0.134599048019 0.778259091925 2.20238054422
0.134519988238 0.77827968669 2.20039979395
0.134667671143 0.778300246209 2.20320676072
0.134724420177 0.778320770571 2.20608072621
0.134748078833 0.778341259867 2.20761722889
0.1346501252 0.778361714187 2.21054736705
0.134786067963 0.77838213362 2.20872314146
0.134710841549 0.778402518256 2.2135468608
0.134819890746 0.778422868182 2.21787053642
0.134892071077 0.778443183489 2.21269738878
0.134763178688 0.778463464265 2.20952105847
0.134815927233 0.778483710596 2.21376733218
0.134761397965 0.778503922571 2.21767784993
0.134761525567 0.778524100278 2.21835379059
0.134781586014 0.778544243803 2.21821471786
0.134601669386 0.778564353234 2.21326809112
0.134653982892 0.778584428656 2.21211716486
0.134615810982 0.778604470156 2.21146725131
0.134558965802 0.778624477821 2.21176452249
0.13456671504 0.778644451734 2.21175737339
0.134692203705 0.778664391983 2.20739501235
0.134712074207 0.778684298652 2.21125984156
0.134732191328 0.778704171826 2.21486157436
0.134856722537 0.778724011589 2.21383308995
0.134617729825 0.778743818025 2.20862273549
0.134482002985 0.778763591219 2.21336441557
0.134845091889 0.778783331254 2.22140347611
0.134832345139 0.778803038213 2.2197792884
0.134773235179 0.77882271218 2.21623461504
0.134586943058 0.778842353237 2.21988817809
0.134471175685 0.778861961467 2.22337809481
0.134671476834 0.778881536953 2.21853253268
0.134711551165 0.778901079775 2.21872492845
0.134610123367 0.778920590016 2.21999276013
0.134563244443 0.778940067758 2.22275498053
0.134460990347 0.77895951308 2.2200001536
0.134556198129 0.778978926065 2.21900875419
0.134607059709 0.778998306794 2.22208602904
0.134752687799 0.779017655345 2.2226333571
0.134693205104 0.7790369718 2.22538740761
0.13479634316 0.779056256237 2.22315495417
0.134761694518 0.779075508738 2.22494767448
0.134816883535 0.779094729381 2.22659889757
0.134819490152 0.779113918245 2.22726152124
0.134981635545 0.779133075408 2.23053332441
0.134971658721 0.779152200951 2.22971385914
0.134988324541 0.779171294949 2.22912192567
0.135122819992 0.779190357483 2.22789934728
0.135193077406 0.779209388628 2.23220408802
0.135241577944 0.779228388464 2.23392779446
0.135174033129 0.779247357066 2.23446313723
0.135174593183 0.779266294513 2.23733478751
0.135311495559 0.779285200881 2.23743366147
0.135256460293 0.779304076245 2.23045610106
0.135167827933 0.779322920683 2.23497440019
0.135092271535 0.779341734271 2.23947153803
0.135053409793 0.779360517084 2.23855382111
0.135045553681 0.779379269197 2.23879873306
0.134959770731 0.779397990686 2.2367993851
0.135040332165 0.779416681626 2.23455297754
0.135069469052 0.779435342092 2.23260316357
0.134937445795 0.779453972157 2.23245458211
0.135057488069 0.779472571897 2.23293452121
0.13510400866 0.779491141385 2.23283362261
0.135100192886 0.779509680696 2.23783530773
0.135205125227 0.779528189902 2.23819760326
0.135091698775 0.779546669076 2.24746651651
0.135137076724 0.779565118293 2.24639243121
0.135063052441 0.779583537625 2.24874098897
0.135127760494 0.779601927143 2.25169608864
0.135163168826 0.779620286922 2.25328049676
0.135112154155 0.779638617032 2.24760340276
0.135103016108 0.779656917546 2.25125354824
0.134999036136 0.779675188535 2.24644832233
0.13504438204 0.779693430071 2.25018415049
0.135056837721 0.779711642225 2.2497583015
0.135048884171 0.779729825067 2.24722951485
0.134780981182 0.77974797867 2.24995700794
0.134895602329 0.779766103102 2.24906826081
0.134792653013 0.779784198435 2.24941955507
0.134826184378 0.779802264738 2.25067324026
0.134841956065 0.779820302081 2.25249686084
0.134827030138 0.779838310534 2.25793381102
0.1348095948 0.779856290166 2.25590367536
0.134763423243 0.779874241047 2.25298068535
0.134869434969 0.779892163244 2.2619189486
0.134908066667 0.779910056828 2.25657477923
0.134627271172 0.779927921866 2.25454762883
0.134603726762 0.779945758427 2.25203683504
0.13453854172 0.779963566579 2.24967401152
0.134568381637 0.77998134639 2.25203509568
0.134576926959 0.779999097926 2.25363280888
0.134604021002 0.780016821257 2.25489130963
0.134583672469 0.780034516448 2.25062645357
0.134644344611 0.780052183567 2.24983631876
0.134526996666 0.78006982268 2.24752706121
0.134582864831 0.780087433855 2.25084097284
0.134488990548 0.780105017157 2.25288976515
0.134625656683 0.780122572653 2.2604434244
0.134845653752 0.780140100409 2.26558043783
0.13465908498 0.78015760049 2.2631563598
0.134676526231 0.780175072961 2.26315337174
0.134976031852 0.780192517889 2.2721140962
0.13491136395 0.780209935338 2.27171285843
0.134878614507 0.780227325372 2.26903644137
0.134877661754 0.780244688058 2.27334077926
0.134748337978 0.780262023459 2.27120658897
0.134739937584 0.78027933164 2.26818866596
0.134731056833 0.780296612664 2.26491297669
0.134982026096 0.780313866595 2.26332547301
0.134760770055 0.780331093498 2.26069965215
0.134955062337 0.780348293436 2.26366911531
0.135061816858 0.780365466471 2.26342571553
0.13506167846 0.780382612667 2.26440821193
0.135048809335 0.780399732088 2.26476584997
0.13510321313 0.780416824795 2.26072647467
0.134998656458 0.780433890851 2.25389504772
0.134902023901 0.780450930318 2.25634829826
0.134886775683 0.780467943259 2.25481139206
0.134920137503 0.780484929735 2.26534829168
0.134963314872 0.780501889809 2.26467561052
0.135111246827 0.780518823541 2.26311619272
0.135067213323 0.780535730993 2.26670042175
0.13524489478 0.780552612227 2.27169013194
0.13533562294 0.780569467302 2.28005369955
0.135533816167 0.78058629628 2.28166306727
0.135444929555 0.780603099222 2.28235825265
0.135513074171 0.780619876187 2.28176434852
0.135472681743 0.780636627237 2.27795604632
0.135498173869 0.780653352431 2.27935532838
0.135606121461 0.780670051828 2.28138133795
0.135714158303 0.780686725489 2.28404060203
0.135721612172 0.780703373473 2.2804959875
0.135799786295 0.78071999584 2.27993233019
0.135971786477 0.780736592648 2.28757438796
0.136119777333 0.780753163956 2.2924949368
0.136158862451 0.780769709823 2.29482387591
0.13609908458 0.780786230308 2.29358040845
0.136092167235 0.780802725468 2.29527157502
0.136084497035 0.780819195363 2.29486586364
0.136275450563 0.780835640051 2.29786577692
0.136193386244 0.780852059588 2.29636957684
0.136202142388 0.780868454033 2.29569018011
0.136324166305 0.780884823443 2.29627212151
0.136184933116 0.780901167876 2.2913308099
0.136179343168 0.780917487388 2.29629673924
0.136258686732 0.780933782037 2.29268093741
0.136133376686 0.780950051879 2.29097833845
0.136082178249 0.780966296972 2.2858249658
0.135896525789 0.780982517371 2.28345894254
0.135945035979 0.780998713132 2.28686623342
0.136003124077 0.781014884313 2.28582677795
0.136098722851 0.781031030968 2.28584258549
0.136031609253 0.781047153154 2.29183017538
0.136088958234 0.781063250926 2.29128529802
0.135975926283 0.78107932434 2.29054880158
0.13602931295 0.78109537345 2.28718025762
0.136035149063 0.781111398313 2.28394547921
0.135840723244 0.781127398982 2.28613099511
0.135804396501 0.781143375513 2.28518228601
0.136092718792 0.78115932796 2.28905643236
0.136037832907 0.781175256378 2.29011584202
0.136076667575 0.78119116082 2.29323945921
0.136054825119 0.781207041342 2.29237637639
0.136024103563 0.781222897997 2.29350922376
0.135859027686 0.781238730838 2.2900162586
0.135950335611 0.78125453992 2.29060455943
0.135937395891 0.781270325296 2.29756322432
0.13598025091 0.781286087018 2.30048184059
0.13613106213 0.781301825141 2.29932632815
0.135982315933 0.781317539717 2.30010502156
0.135740938057 0.781333230799 2.29739712137
0.13589328022 0.78134889844 2.29592212838
0.135862736728 0.781364542692 2.29684644719
0.135787035295 0.781380163608 2.29881726065
0.135531231769 0.781395761239 2.29930133937
0.135829570876 0.781411335638 2.29494627131
0.135830550611 0.781426886857 2.29983317569
0.135902747108 0.781442414947 2.30322053218
0.135952321993 0.78145791996 2.2997711127
0.135722811193 0.781473401948 2.29743539895
0.135733506829 0.781488860961 2.29277743182
0.135886799385 0.781504297051 2.29464089105
0.136088835315 0.781519710268 2.29899161364
0.136076845829 0.781535100664 2.29822592087
0.136099032589 0.781550468289 2.29960926767
0.136184328109 0.781565813194 2.29944623667
0.136170343389 0.781581135429 2.30098263792
0.136042026932 0.781596435045 2.29538913395
0.136088967942 0.78161171209 2.29357356068
0.136085213935 0.781626966616 2.29630176422
0.136190817129 0.781642198672 2.30150294373
0.1363715354 0.781657408307 2.30520756454
0.136264861062 0.781672595572 2.30917993892
0.136403937792 0.781687760515 2.30842913341
0.136311274282 0.781702903185 2.30930710259
0.136246719893 0.781718023633 2.31702944957
0.136407484732 0.781733121906 2.31512430843
0.136190998788 0.781748198053 2.3144242769
0.136235545488 0.781763252123 2.31434021317
0.136129608598 0.781778284164 2.3110457502
0.13634645193 0.781793294226 2.31578233377
0.13619561284 0.781808282355 2.31344576647
0.13622959351 0.7818232486 2.31202845197
0.136310673095 0.781838193009 2.31766018232
0.136410915793 0.78185311563 2.31476526831
0.136403491485 0.78186801651 2.31592007943
0.136475648969 0.781882895697 2.31400483869
0.136579239052 0.781897753237 2.32577646959
0.136593065404 0.78191258918 2.32766946723
0.136578624993 0.78192740357 2.32695976436
0.136491176562 0.781942196456 2.32778592475
0.136409787991 0.781956967884 2.32670967022
0.136374486794 0.781971717901 2.32544967875
0.136408792752 0.781986446553 2.32009323705
0.136408875659 0.782001153887 2.32325421092
0.136379256887 0.782015839949 2.32060452239
0.136371723925 0.782030504784 2.32751350182
0.136354047911 0.78204514844 2.32268172894
0.136379226965 0.782059770962 2.32711978893
0.136283781101 0.782074372396 2.32550844227
0.136115369253 0.782088952787 2.32478695214
0.136052623437 0.782103512181 2.31926957997
0.136005083284 0.782118050623 2.32130594473
0.136081102018 0.782132568158 2.32094699596
0.136057181905 0.782147064831 2.32259380465
0.136197649706 0.782161540688 2.32979176766
0.136242525143 0.782175995773 2.32814391758
0.136364040519 0.782190430131 2.32648466541
0.13639639453 0.782204843806 2.32529774602
0.136457765376 0.782219236843 2.32564885495
0.136390892983 0.782233609286 2.32888443777
0.13633970254 0.782247961179 2.32879056143
0.136656333882 0.782262292567 2.33102514436
0.13670939686 0.782276603493 2.33666883387
0.136836531349 0.782290894001 2.33760010112
0.13667069865 0.782305164135 2.33670227745
0.136747904824 0.782319413938 2.33931272365
0.136904120933 0.782333643454 2.3374096728
0.137002663037 0.782347852726 2.33883690747
0.13711164354 0.782362041797 2.33658531939
0.137162257556 0.78237621071 2.33905599606
0.137232161407 0.782390359508 2.33971923008
0.1372095524 0.782404488235 2.33804965947
0.137146471985 0.782418596932 2.3395616042
0.137111013524 0.782432685643 2.33313573641
0.137056710294 0.782446754409 2.33323527945
0.136966700017 0.782460803273 2.33033201727
0.137056256189 0.782474832278 2.32602877341
0.137114306616 0.782488841465 2.33292742457
0.137299920693 0.782502830876 2.33639678073
0.137411043518 0.782516800553 2.33113877306
0.137232647544 0.782530750539 2.33256692129
0.137286497202 0.782544680873 2.33095529301
0.137528887685 0.782558591599 2.33506406541
0.137564040699 0.782572482758 2.33802011066
0.137744569543 0.78258635439 2.34066141254
0.137584921491 0.782600206536 2.34253875888
0.137637066472 0.782614039239 2.34403974796
0.137734161349 0.782627852538 2.34655142873
0.137586873389 0.782641646476 2.34764709265
0.137649803271 0.782655421091 2.34856172788
0.137786961522 0.782669176425 2.34279353149
0.137825882889 0.782682912519 2.34385011164
0.137846885208 0.782696629412 2.34502556162
0.137772602122 0.782710327145 2.34366547418
0.137794049841 0.782724005758 2.3364174441
0.137651936111 0.782737665292 2.33454591113
0.13773768525 0.782751305785 2.33332092457
0.137771532826 0.782764927278 2.33837025744
0.137767381569 0.78277852981 2.33719781383
0.137809047072 0.782792113422 2.33230834297
0.137955263764 0.782805678151 2.33220737582
0.137943123806 0.782819224039 2.33981550148
0.137983427971 0.782832751124 2.33724109206
0.138080949196 0.782846259445 2.34572419392
0.13821422884 0.782859749041 2.34705095974
0.13834658322 0.782873219951 2.34545700934
0.138293892794 0.782886672214 2.34795563409
0.138266936408 0.782900105869 2.34136385393
0.13841177962 0.782913520954 2.34314740153
0.138412493266 0.782926917507 2.34734955343
0.138300341606 0.782940295568 2.34720813307
0.138435415035 0.782953655174 2.34783674089
0.138521620698 0.782966996364 2.34931131079
0.138353605972 0.782980319175 2.34472915231
0.138350129716 0.782993623646 2.34229900181
0.138396822768 0.783006909814 2.34686057738
0.138559260277 0.783020177718 2.34651747935
0.138284931476 0.783033427394 2.34396860165
0.138405029461 0.78304665888 2.34742985032
0.138659087056 0.783059872214 2.34769451339
0.138717963471 0.783073067434 2.34873600907
0.138881050275 0.783086244576 2.35096023941
0.138807264795 0.783099403677 2.35074784434
0.138815758189 0.783112544774 2.34379786185
0.138906902382 0.783125667906 2.34681360824
0.138816163294 0.783138773107 2.34143067099
0.138772891939 0.783151860415 2.3451020584
0.13883541975 0.783164929867 2.347029614
0.138994053796 0.7831779815 2.34283154811
0.1390057677 0.783191015348 2.34909232757
0.139064972117 0.78320403145 2.34402156944
0.139010990918 0.783217029841 2.34580325949
0.139002298576 0.783230010557 2.34848571087
0.139257290966 0.783242973634 2.35405874598
0.139187073838 0.783255919109 2.34839635786
0.139147598024 0.783268847017 2.34960385547
0.139363411108 0.783281757393 2.35472068286
0.139272995955 0.783294650274 2.35770312109
0.139293256351 0.783307525695 2.36042336117
0.139310311174 0.783320383691 2.36427299133
0.139293341173 0.783333224299 2.36342006487
0.139317571168 0.783346047552 2.35920457308
0.139147456221 0.783358853486 2.35642456911
0.138953637921 0.783371642137 2.35655763222
0.13895291557 0.783384413539 2.35019442265
0.139031611622 0.783397167728 2.3564797632
0.139344446137 0.783409904737 2.36228108555
0.139321098841 0.783422624602 2.35917598559
0.139433141097 0.783435327357 2.35489177344
0.139573688117 0.783448013037 2.36355797029
0.13959449195 0.783460681676 2.36281901377
0.139584357945 0.783473333308 2.36617890216
0.139439707293 0.783485967968 2.36324552338
0.139457851448 0.78349858569 2.36789488197
0.139496164642 0.783511186508 2.37033358457
0.139495039332 0.783523770456 2.37121619727
0.139600294333 0.783536337567 2.37190168607
0.139628859606 0.783548887876 2.36986731385
0.139565895331 0.783561421416 2.37079752706
0.139729268596 0.783573938221 2.3746346004
0.139911250524 0.783586438324 2.37489290701
0.140046227743 0.783598921759 2.37631956534
0.140004485456 0.783611388558 2.37757129059
0.140177510399 0.783623838756 2.37688377423
0.140016900541 0.783636272386 2.37541498675
0.139945115889 0.783648689479 2.37829421641
0.139892006093 0.78366109007 2.37992236049
0.139884746968 0.783673474192 2.37922674809
0.139889841543 0.783685841876 2.38436742601
0.139952078094 0.783698193157 2.38323985437
0.139976118834 0.783710528065 2.38714554486
0.139876694862 0.783722846635 2.38351448508
0.139915210125 0.783735148898 2.3881725013
0.139978776681 0.783747434886 2.38900570889
0.139867594303 0.783759704633 2.38467768948
0.139956370718 0.78377195817 2.38778916007
0.139987352584 0.78378419553 2.38618308936
0.139988468442 0.783796416743 2.38519786683
0.140018048897 0.783808621843 2.38933365611
0.140236619141 0.783820810861 2.39116174365
0.140062669055 0.78383298383 2.38929663476
0.139979839846 0.783845140779 2.38701806829
0.140028097046 0.783857281742 2.38453720263
0.140035428729 0.78386940675 2.38883957622
0.14014944098 0.783881515833 2.39717651472
0.140111868384 0.783893609025 2.39938967673
0.140020086572 0.783905686355 2.39790932286
0.140282413101 0.783917747855 2.4015544184
0.140200298761 0.783929793556 2.40096831824
0.140084234156 0.783941823489 2.40287789014
0.140227231493 0.783953837686 2.40090879035
0.140342829352 0.783965836176 2.40058921868
0.140363296722 0.783977818991 2.40497658003
0.140393639933 0.783989786161 2.40534533842
0.140346347961 0.784001737718 2.40663444932
0.140443845838 0.784013673691 2.40616317123
0.140482399351 0.784025594111 2.40681540671
0.140579813888 0.784037499008 2.40730227656
0.140367718843 0.784049388414 2.40489423819
0.140451069247 0.784061262357 2.40653771703
0.140426142563 0.784073120868 2.40990275166
0.140310334282 0.784084963978 2.40526441062
0.140419628203 0.784096791715 2.40370606386
0.140199219687 0.784108604111 2.40518981902
0.140183340436 0.784120401195 2.40509716187
0.140279028965 0.784132182996 2.40673000464
0.140263373188 0.784143949545 2.39989380061
0.140056229678 0.784155700871 2.40207258611
0.140151189329 0.784167437003 2.40333317877
0.139966917508 0.784179157971 2.40372588376
0.140205059866 0.784190863805 2.40055718788
0.140101302666 0.784202554533 2.39924669132
0.140137707901 0.784214230185 2.40254279475
0.1399234953 0.78422589079 2.39784907408
0.140032092457 0.784237536377 2.38859990841
0.140063656984 0.784249166976 2.39069172376
0.140128995114 0.784260782614 2.39438758483
0.140307315518 0.784272383321 2.39371171995
0.140352267776 0.784283969126 2.39268722715
0.140182823638 0.784295540057 2.3972435973
0.14024284327 0.784307096143 2.39813205134
0.140379494511 0.784318637412 2.39817244736
0.140570135112 0.784330163894 2.40093128808
0.14044092101 0.784341675616 2.40219183304
0.140433070947 0.784353172606 2.40016227407
0.140724640233 0.784364654894 2.4021394919
0.140873531928 0.784376122507 2.40234748002
0.140817631617 0.784387575473 2.40794109143
0.14058721209 0.78439901382 2.40646654592
0.14058759627 0.784410437577 2.40303141566
0.140514257546 0.784421846772 2.40491005586
0.140229726408 0.784433241431 2.40492965646
0.140274911543 0.784444621583 2.40332439811
0.140144670291 0.784455987256 2.40337531668
0.140138760233 0.784467338476 2.40068446225
0.140172495625 0.784478675273 2.40011763425
0.140362880731 0.784489997672 2.40668379068
0.140687345799 0.784501305703 2.40671698999
0.140662315178 0.784512599391 2.41050310583
0.140629394105 0.784523878764 2.41151033878
0.140499518119 0.78453514385 2.40373010301
0.140399194236 0.784546394676 2.40177884125
0.140439667009 0.784557631268 2.40044251995
0.140420949979 0.784568853653 2.40054102083
0.140327669304 0.78458006186 2.40172404462
0.140507323009 0.784591255913 2.40488202428
0.140623085755 0.784602435841 2.40510740832
0.140592435599 0.78461360167 2.40463519177
0.140442209819 0.784624753426 2.40413788605
0.140614954105 0.784635891137 2.4068063115
0.140662251078 0.784647014828 2.40860373311
0.14062822039 0.784658124526 2.40577714045
0.140797127402 0.784669220258 2.41026239924
0.14063807108 0.78468030205 2.40599100962
0.140627879419 0.784691369928 2.40495875343
0.140369578369 0.784702423918 2.40307634575
0.14054466875 0.784713464047 2.40360509529
0.140490274951 0.78472449034 2.40485849368
0.14037943885 0.784735502824 2.40591701497
0.140632527603 0.784746501524 2.40650388601
0.140597594347 0.784757486467 2.40410583842
0.140671776732 0.784768457678 2.3997511564
0.140653933135 0.784779415182 2.39961752694
0.1408326674 0.784790359006 2.40922108919
0.140979305918 0.784801289175 2.4096204132
0.140974088814 0.784812205715 2.41160102296
0.141061578738 0.784823108651 2.41076595309
0.140866154758 0.784833998009 2.4103749754
0.141250932233 0.784844873813 2.4083938759
0.141399591579 0.78485573609 2.4162455706
0.141353297007 0.784866584864 2.41437560477
0.1413576945 0.784877420161 2.41344933785
0.141367944333 0.784888242005 2.41350627494
0.141434281793 0.784899050422 2.40858302748
0.141453302099 0.784909845437 2.41185668968
0.141259888124 0.784920627075 2.41052532885
0.14124201462 0.78493139536 2.41093928575
0.141288205929 0.784942150317 2.41316845961
0.141509197788 0.784952891972 2.41319672661
0.141488179901 0.784963620348 2.41376121363
0.14150290877 0.784974335471 2.41713457452
0.141030522797 0.784985037364 2.41568436257
0.141147497647 0.784995726052 2.41886488694
0.141257408135 0.785006401561 2.41747483148
0.141072954537 0.785017063914 2.41631918094
0.141234619765 0.785027713135 2.41669355583
0.141124335373 0.785038349248 2.41207453004
0.141087650858 0.785048972279 2.41407700309
0.141127767434 0.785059582251 2.41914361166
0.14102448889 0.785070179187 2.4172774166
0.140925664539 0.785080763113 2.42051118331
0.140812475667 0.785091334052 2.41123086322
0.140752051635 0.785101892028 2.41214594748
0.140761876777 0.785112437065 2.41674129506
0.140631350397 0.785122969186 2.41270781467
0.140462533354 0.785133488415 2.40858911812
0.140408582611 0.785143994777 2.40678399083
0.140358407924 0.785154488293 2.4032239388
0.140343195982 0.785164968989 2.39892731319
0.140181899575 0.785175436888 2.39504681059
0.14018008712 0.785185892012 2.39834589225
0.140330610931 0.785196334386 2.4023003288
0.140324818329 0.785206764033 2.40383441463
0.140477577217 0.785217180975 2.40159247745
0.140515580621 0.785227585237 2.40119527426
0.140609406764 0.785237976841 2.40830295906
0.140515633278 0.78524835581 2.41084368201
0.140579625789 0.785258722168 2.40941184674
0.140548310281 0.785269075937 2.410815035
0.140599588246 0.78527941714 2.41322838287
0.14052991834 0.785289745801 2.41254093758
0.140746329856 0.785300061941 2.414996975
0.140725445833 0.785310365585 2.41714732508
0.140971961085 0.785320656753 2.42438263402
0.141008480927 0.78533093547 2.42524032816
0.140926642794 0.785341201757 2.42921073637
0.141102661004 0.785351455638 2.43210712885
0.14123292556 0.785361697134 2.43180654309
0.141439789556 0.785371926268 2.43482901849
0.141403839853 0.785382143063 2.43744166212
0.141274206368 0.785392347541 2.43490676406
0.141326780869 0.785402539724 2.43396130869
0.141382483912 0.785412719634 2.43038260357
0.141350383892 0.785422887293 2.42610386205
0.141467672941 0.785433042724 2.42529384947
0.141169693802 0.785443185948 2.42042957356
0.14124413612 0.785453316988 2.41873074854
0.140915427537 0.785463435866 2.42167365308
0.140966173361 0.785473542603 2.42330469115
0.141046216992 0.785483637221 2.42610908961
0.141010854334 0.785493719742 2.42532510314
0.140836333981 0.785503790188 2.42512932233
0.140879324939 0.785513848581 2.42236560676
0.140691946159 0.785523894942 2.42242875008
0.140657408791 0.785533929292 2.42509473137
0.140703464741 0.785543951653 2.42233791881
0.140826809187 0.785553962048 2.42375863402
0.140865546475 0.785563960496 2.42441671847
0.140937595798 0.78557394702 2.42372038281
0.140781147631 0.78558392164 2.42271627516
0.140583863578 0.785593884379 2.42368562483
0.140564180342 0.785603835256 2.42095756802
0.140408422261 0.785613774295 2.41750911556
0.140609133339 0.785623701515 2.41832517434
0.140596118071 0.785633616937 2.41817525234
0.140699184743 0.785643520584 2.4201762223
0.141074994532 0.785653412474 2.4270490132
0.141068114887 0.785663292631 2.42671588982
0.141140512671 0.785673161074 2.43212091807
0.141337697045 0.785683017824 2.43242736139
0.141499124299 0.785692862902 2.43040706425
0.141268457043 0.785702696329 2.42959358503
0.1411871166 0.785712518125 2.4255251402
0.141283807854 0.785722328312 2.42855185425
0.141352587456 0.785732126909 2.43044633064
0.141107306048 0.785741913937 2.43128469623
0.141304167256 0.785751689417 2.43607026306
0.141305098921 0.785761453369 2.43687993118
0.141374663396 0.785771205813 2.44016800553
0.141321052 0.78578094677 2.43785140349
0.14157414276 0.78579067626 2.43948168843
0.141583328552 0.785800394304 2.43627461897
0.141352265277 0.785810100921 2.43989503491
0.141282851509 0.785819796132 2.43931142035
0.141464823658 0.785829479956 2.44296313674
0.141389655399 0.785839152414 2.44360649745
0.14128098531 0.785848813526 2.43854043034
0.141285202471 0.785858463312 2.44171120144
0.141131567718 0.785868101791 2.43393655405
0.141182518548 0.785877728984 2.4316773117
0.141065276032 0.78588734491 2.42798921784
0.140978820027 0.78589694959 2.43004201613
0.141092398781 0.785906543042 2.42659698413
0.140913600876 0.785916125287 2.42790261269
0.140912419003 0.785925696344 2.43576854828
0.14081075999 0.785935256232 2.43657256525
0.140759162979 0.785944804972 2.43532489291
0.141007513407 0.785954342583 2.44090971422
0.141150228109 0.785963869083 2.44552167599
0.141162620327 0.785973384494 2.44400258007
0.14133821372 0.785982888833 2.44550367927
0.141175380522 0.785992382121 2.4439239816
0.141183689828 0.786001864376 2.44216012981
0.141203051261 0.786011335618 2.44156012113
0.141176027068 0.786020795866 2.44101084297
0.141090520443 0.786030245139 2.44281635844
0.141214577443 0.786039683456 2.44815385576
0.141175248527 0.786049110836 2.44794339564
0.141192745355 0.786058527299 2.45166545302
0.141177397955 0.786067932863 2.45343491385
0.141105119067 0.786077327547 2.45134074828
0.141169251678 0.78608671137 2.45484745927
0.141131832408 0.78609608435 2.45370458901
0.141304038298 0.786105446508 2.45110656743
0.141281285912 0.78611479786 2.45596893222
0.141313713826 0.786124138427 2.45724325765
0.141400046163 0.786133468226 2.45905928057
0.141488646436 0.786142787276 2.45992644754
0.141671788606 0.786152095597 2.46428023958
0.141710710781 0.786161393205 2.46066975808
0.141646115159 0.786170680121 2.46215898741
0.141682062616 0.786179956362 2.45886561409
0.141677910385 0.786189221946 2.45701191048
0.141468027402 0.786198476893 2.4547570418
0.141398018952 0.786207721219 2.45614782995
0.141487596369 0.786216954945 2.45687184002
0.141541729642 0.786226178087 2.45329243315
0.141575978188 0.786235390665 2.45237946907
0.141616405098 0.786244592695 2.45147315331
0.141699034491 0.786253784197 2.45417325645
0.14173110653 0.786262965188 2.45546489389
0.141647668049 0.786272135687 2.45287978269
0.141667919488 0.786281295711 2.45310033531
0.141701249072 0.786290445278 2.45250477077
0.141757904578 0.786299584406 2.4563554327
0.141777457795 0.786308713113 2.45403304361
0.141829820318 0.786317831418 2.456102023
0.141887657691 0.786326939337 2.45405075827
0.141960140902 0.786336036888 2.45946811136
0.142019179571 0.786345124089 2.46607767568
0.142222666618 0.786354200958 2.46484690289
0.142375810433 0.786363267512 2.46452722944
0.142308442373 0.78637232377 2.46711079862
0.142043358182 0.786381369747 2.46056877556
0.141994395078 0.786390405463 2.45987102789
0.141851477373 0.786399430934 2.4614625044
0.141803418381 0.786408446178 2.4657755223
0.141793500807 0.786417451212 2.4632814641
0.141755749187 0.786426446053 2.46114505372
0.141558536359 0.78643543072 2.46382052806
0.14169112879 0.786444405228 2.46776887439
0.141917175969 0.786453369596 2.47050886124
0.141849651457 0.78646232384 2.47160049535
0.141749323997 0.786471267978 2.47474498437
0.141908674296 0.786480202026 2.47257828459
0.141916595302 0.786489126003 2.48094460821
0.141972342475 0.786498039924 2.47807139862
0.1418127879 0.786506943807 2.47605613277
0.14171915587 0.786515837668 2.47064410992
0.141918964277 0.786524721525 2.47368170183
0.141779561353 0.786533595395 2.47445761169
0.141708754847 0.786542459294 2.47527087982
0.141688753115 0.78655131324 2.47376172971
0.141560005332 0.786560157248 2.47461796856
0.141728262902 0.786568991336 2.47810421895
0.141588094226 0.78657781552 2.47316585629
0.141533734924 0.786586629817 2.47603531577
0.141388995631 0.786595434244 2.4792171998
0.141166904946 0.786604228817 2.47590421675
0.141368058738 0.786613013553 2.47820061688
0.141607295592 0.786621788467 2.48336050118
0.141637082863 0.786630553578 2.48575445777
0.141608387847 0.7866393089 2.48546249544
0.141613196515 0.786648054451 2.48334453633
0.141490827067 0.786656790247 2.481554211
0.14146809481 0.786665516304 2.47744857875
0.141116905019 0.786674232638 2.47711560176
0.141180495312 0.786682939266 2.47383136717
0.14106782368 0.786691636204 2.47124919551
0.141237795581 0.786700323468 2.47732952157
0.141163845153 0.786709001074 2.47837441997
0.141000097446 0.786717669039 2.48126368795
0.141123302464 0.786726327377 2.48221767772
0.141024059462 0.786734976106 2.47858288792
0.141149996677 0.786743615242 2.47472693641
0.141299809901 0.786752244799 2.47187229111
0.141145328971 0.786760864795 2.47063183834
0.141151290502 0.786769475245 2.47112905904
0.141227035349 0.786778076165 2.47248673036
0.141308435906 0.786786667571 2.47766011612
0.141228120517 0.786795249478 2.47484108949
0.141402605885 0.786803821902 2.47591231657
0.141278020924 0.78681238486 2.47157548922
0.141273956895 0.786820938366 2.47100524782
0.141292262836 0.786829482437 2.47922531742
0.141385148672 0.786838017087 2.47834913755
0.141215889838 0.786846542333 2.47887870805
0.141153716056 0.78685505819 2.47608472523
0.141248041881 0.786863564674 2.47979349524
0.141202463673 0.786872061799 2.47621267299
0.141222393156 0.786880549583 2.47519322819
0.141119077687 0.786889028038 2.47771848281
0.141212410927 0.786897497183 2.47806668092
0.141230758459 0.78690595703 2.48594393433
0.14123731483 0.786914407597 2.4867669568
0.141339112113 0.786922848897 2.48804810305
0.141564124039 0.786931280947 2.48783916062
0.141286912269 0.786939703762 2.49055347606
0.141394393885 0.786948117356 2.48841311923
0.141376229731 0.786956521745 2.49290244853
0.14133993333 0.786964916944 2.4951240208
0.14148756465 0.786973302968 2.49439632909
0.141553297001 0.786981679833 2.4923584803
0.141590553366 0.786990047552 2.49385395169
0.141453686765 0.786998406141 2.48994501418
0.141519648443 0.787006755615 2.4902408346
0.141454053325 0.787015095989 2.49339339887
0.141493766567 0.787023427278 2.49093615873
0.141456849558 0.787031749497 2.49260466393
0.141416782207 0.787040062659 2.49260015142
0.14142157119 0.787048366781 2.49382418322
0.141527280833 0.787056661877 2.49154772162
0.141430021259 0.787064947962 2.49806990239
0.141522132173 0.787073225049 2.50285193389
0.141725296423 0.787081493155 2.50635138173
0.14166792524 0.787089752293 2.510526753
0.141853801191 0.787098002479 2.51293279661
0.142152767652 0.787106243726 2.51523330925
0.142231073039 0.787114476049 2.52035555804
0.142148527087 0.787122699463 2.52471948903
0.142138629566 0.787130913982 2.52784572184
0.142247974421 0.787139119621 2.52319105643
0.142332815893 0.787147316393 2.52932525406
0.142163637263 0.787155504314 2.52376673522
0.142318485339 0.787163683398 2.52657169725
0.142285537779 0.787171853658 2.52778741441
0.142495918986 0.78718001511 2.52955246112
0.142736670079 0.787188167767 2.53306302946
0.142942759684 0.787196311644 2.53554347003
0.142938819445 0.787204446755 2.53897203697
0.143133195631 0.787212573114 2.53735716181
0.143165475749 0.787220690735 2.53548189684
0.143034620475 0.787228799632 2.54150239943
0.143038618472 0.78723689982 2.53839429072
0.143217858189 0.787244991312 2.53953249178
0.143188742661 0.787253074122 2.53914727299
0.143225678045 0.787261148264 2.54086147079
0.143172658596 0.787269213753 2.54285467813
0.143245600395 0.787277270602 2.54612567227
0.143435248346 0.787285318824 2.54787460442
0.143464997238 0.787293358435 2.54788432566
0.143415244516 0.787301389447 2.55045552046
0.143462026364 0.787309411874 2.54822311085
0.143403354708 0.787317425731 2.54279617683
0.143492744223 0.787325431031 2.53839393442
0.143386879874 0.787333427787 2.53674966331
0.143520019984 0.787341416014 2.53952220251
0.143346349886 0.787349395725 2.53980615682
0.143358166091 0.787357366933 2.53569131022
0.143368246476 0.787365329652 2.53545491472
0.1433158721 0.787373283896 2.53741859784
0.143335997058 0.787381229678 2.53621869683
0.143439545965 0.787389167012 2.53720011049
0.143568277815 0.787397095911 2.53910491041
0.143548997941 0.787405016389 2.5429463453
0.143472837721 0.787412928458 2.54620852253
0.143583618763 0.787420832134 2.55317735851
0.143748304207 0.787428727428 2.55935200521
0.143701467657 0.787436614354 2.55686706181
0.143572961932 0.787444492925 2.55676439213
0.14384916757 0.787452363155 2.55936955444
0.143743750064 0.787460225057 2.55903067531
0.143552958429 0.787468078644 2.55907206753
0.143527631147 0.78747592393 2.55009805527
0.143653373163 0.787483760926 2.55600285699
0.143745410429 0.787491589648 2.55451581147
0.14402136115 0.787499410107 2.5618634443
0.144075217946 0.787507222317 2.56593964223
0.1440639825 0.787515026291 2.56080671455
0.144187281902 0.787522822041 2.55929243991
0.144233097577 0.787530609582 2.5592069796
0.144325153868 0.787538388925 2.56345136212
0.144305104606 0.787546160084 2.56607374287
0.144471483969 0.787553923071 2.56167068808
0.144566387952 0.7875616779 2.5616224089
0.144588062047 0.787569424584 2.56059064596
0.144784555577 0.787577163135 2.56286916986
0.144936051506 0.787584893565 2.56944723936
0.144692542228 0.787592615889 2.56705604935
0.144625506331 0.787600330118 2.56553311261
0.144736601734 0.787608036265 2.56719219059
0.144789832949 0.787615734343 2.56822197188
0.144984978884 0.787623424365 2.57098950719
0.145091356475 0.787631106343 2.56708335348
0.144928007286 0.78763878029 2.56609787989
0.145022658873 0.787646446218 2.56418060215
0.144830750514 0.787654104141 2.56501693786
0.144659468878 0.78766175407 2.55978726845
0.144783870906 0.787669396018 2.56023677016
0.144638343379 0.787677029998 2.56166901862
0.144694287224 0.787684656021 2.55784007391
0.144677638849 0.787692274101 2.56050174907
0.144726595646 0.78769988425 2.55786985302
0.144652646289 0.787707486481 2.56102040509
0.144692965901 0.787715080804 2.56300773873
0.14465336837 0.787722667234 2.56120597345
0.14451950399 0.787730245782 2.5532298692
0.144565957631 0.78773781646 2.5569761529
0.144658412977 0.787745379282 2.5621866602
0.144799893163 0.787752934258 2.56575456507
0.144824376657 0.787760481401 2.56813116184
0.144941839096 0.787768020724 2.57566643343
0.145080198519 0.787775552238 2.5765793506
0.145183639328 0.787783075956 2.58253308361
0.145158201016 0.78779059189 2.57953438248
0.145269414773 0.787798100051 2.5824963529
0.145425350203 0.787805600452 2.58434751449
0.145520160676 0.787813093106 2.59058208299
0.145542293838 0.787820578023 2.58881144621
0.14557918886 0.787828055216 2.59044056693
0.14545137456 0.787835524696 2.58405287829
0.145528509509 0.787842986477 2.58586474406
0.145520098486 0.787850440569 2.58794026537
0.145374558708 0.787857886985 2.58448587765
0.1453921021 0.787865325736 2.58155029812
0.145476241653 0.787872756834 2.57986416928
0.145590777579 0.787880180291 2.58506507658
0.1453209429 0.787887596119 2.58613347882
0.14538272303 0.78789500433 2.58730038753
0.145408521691 0.787902404935 2.5866441412
0.145380933156 0.787909797946 2.58742542856
0.145394182712 0.787917183374 2.58699898348
0.14539513249 0.787924561232 2.5888569697
0.145337207396 0.787931931531 2.58698460586
0.145415529097 0.787939294283 2.58278238837
0.145409628437 0.787946649498 2.58502442171
0.145411788757 0.78795399719 2.58895737197
0.145461317083 0.787961337368 2.58622027001
0.145530024168 0.787968670046 2.5923498855
0.145460890796 0.787975995234 2.59431599002
0.145726004745 0.787983312943 2.59534237639
0.14565544373 0.787990623186 2.59969402279
0.145707901109 0.787997925973 2.59711685297
0.145831820716 0.788005221317 2.60600352896
0.145935627577 0.788012509227 2.60518792517
0.145894504716 0.788019789717 2.61259894534
0.145980415454 0.788027062797 2.60889067934
0.146076663723 0.788034328478 2.6144109807
0.146235871264 0.788041586772 2.62181129684
0.146205542208 0.788048837689 2.62144473457
0.1462716117 0.788056081242 2.61939822492
0.146309618419 0.788063317441 2.6143874766
0.14612976971 0.788070546298 2.61387986816
0.146041059705 0.788077767824 2.61194696742
0.146184658493 0.78808498203 2.6148109227
0.146124004785 0.788092188926 2.61455907506
0.145984891312 0.788099388525 2.61373657129
0.146026667476 0.788106580837 2.61145390593
0.145922704724 0.788113765873 2.61289669324
0.145725295375 0.788120943645 2.61161715695
0.145685410789 0.788128114163 2.61299047254
0.145992772185 0.788135277438 2.61351756936
0.146037567732 0.788142433482 2.61805034924
0.146141043781 0.788149582305 2.62030533172
0.145967799195 0.788156723918 2.62020285926
0.146146041853 0.788163858332 2.6180422028
0.146172569297 0.788170985558 2.61496475853
0.146054221952 0.788178105607 2.61750470639
0.146192891323 0.788185218489 2.61934946601
0.146352051908 0.788192324216 2.61770277305
0.146210239654 0.788199422798 2.62096506743
0.146345135009 0.788206514246 2.62197686905
0.146375622016 0.788213598571 2.62408620447
0.146282779498 0.788220675784 2.62127294521
0.146197067269 0.788227745894 2.62169594586
0.146294163533 0.788234808914 2.62125342667
0.146237244673 0.788241864853 2.62113175068
0.14622243522 0.788248913723 2.62091920252
0.146301771513 0.788255955533 2.62413647078
0.146373120685 0.788262990294 2.62329355872
0.146495125729 0.788270018018 2.62914066789
0.146439985523 0.788277038714 2.62564015102
0.146302225221 0.788284052393 2.62127101772
0.146213513983 0.788291059066 2.62351160694
0.146252054878 0.788298058743 2.62588494227
0.14636642462 0.788305051435 2.62785735889
0.146379799017 0.788312037152 2.63261001227
0.146370989193 0.788319015904 2.63362562136
0.146418749291 0.788325987702 2.63432692188
0.146404736957 0.788332952556 2.63564401136
0.146668093379 0.788339910477 2.63891464987
0.146517144923 0.788346861475 2.64172900342
0.146594495701 0.78835380556 2.64757391854
0.146788172655 0.788360742743 2.65144202122
0.147017463841 0.788367673033 2.65368941796
0.1470116814 0.788374596442 2.64805845723
0.146887858903 0.788381512979 2.64463675437
0.146918933416 0.788388422655 2.64844189038
0.146846001235 0.78839532548 2.6487324694
0.14701316507 0.788402221464 2.64849867013
0.147115140387 0.788409110617 2.64666656277
0.147054338509 0.78841599295 2.64483106588
0.14697441348 0.788422868471 2.6423954947
0.14704068002 0.788429737193 2.64544727855
0.147010405732 0.788436599124 2.64537746045
0.146957832882 0.788443454275 2.6425213871
0.146973087699 0.788450302656 2.64709408941
0.147044770441 0.788457144276 2.64887984878
0.146933771454 0.788463979146 2.64918403179
0.146984191093 0.788470807276 2.65067010957
0.146970610882 0.788477628676 2.64709263476
0.14674248546 0.788484443356 2.64657921755
0.146571445937 0.788491251325 2.64396838104
0.146640280687 0.788498052594 2.64204715192
0.146598592988 0.788504847172 2.64434063614
0.146641860619 0.788511635069 2.6457779895
0.146810675868 0.788518416296 2.64852198971
0.146804027683 0.788525190862 2.64893364444
0.146799801063 0.788531958776 2.64714539201
0.14671172564 0.788538720049 2.64562853407
0.146810296202 0.78854547469 2.6438233921
0.146822446895 0.78855222271 2.64476180482
0.146775942906 0.788558964117 2.63887366264
0.146491921647 0.788565698922 2.63574735822
0.146555946727 0.788572427134 2.63069077898
0.14654807976 0.788579148763 2.63371518187
0.146821937864 0.788585863819 2.63719228011
0.146849974011 0.78859257231 2.64001670007
0.146822932698 0.788599274248 2.64302781238
0.14671855419 0.788605969641 2.6474314565
0.14668680844 0.788612658499 2.64296561947
0.146739103047 0.788619340832 2.64449042001
0.146634138477 0.788626016649 2.64733492127
0.146620752735 0.78863268596 2.64272299804
0.146516643391 0.788639348773 2.64611167883
0.146588326752 0.7886460051 2.64340107963
0.146681518217 0.788652654948 2.64836056815
0.146888971997 0.788659298328 2.65284109703
0.14684013208 0.788665935249 2.64948631283
0.146740551817 0.788672565721 2.65017543636
0.146867205813 0.788679189752 2.65201097012
0.146758796756 0.788685807353 2.65132129627
0.146643616415 0.788692418532 2.64727883508
0.146652256073 0.788699023299 2.64647500559
0.146566187781 0.788705621664 2.65010658777
0.146750023269 0.788712213635 2.64892916343
0.146716832652 0.788718799221 2.65740855882
0.146739224432 0.788725378433 2.65071681171
0.146692288305 0.78873195128 2.65116221138
0.147018487601 0.788738517769 2.65896915625
0.147142444207 0.788745077912 2.66182035525
0.147229478845 0.788751631717 2.6578444702
0.147348765274 0.788758179193 2.6638457416
0.147557856901 0.788764720349 2.66952513345
0.147656359996 0.788771255195 2.6682097669
0.147539476925 0.788777783739 2.66625003453
0.147742636098 0.788784305991 2.6690380527
0.147713633134 0.78879082196 2.66953901332
0.14770697721 0.788797331655 2.66801848705
0.147647407708 0.788803835085 2.66242036068
0.147504167073 0.788810332258 2.66293975954
0.147513427784 0.788816823185 2.65977128025
0.147623305103 0.788823307874 2.65605013241
0.147623509251 0.788829786334 2.66207431712
0.147704288614 0.788836258574 2.66954771361
0.147807633846 0.788842724603 2.66724896635
0.147604776305 0.78884918443 2.66722262994
0.147510971415 0.788855638063 2.6682191367
0.147439411216 0.788862085513 2.66385665335
0.147327091452 0.788868526787 2.66515078265
0.147190017308 0.788874961894 2.66636593237
0.147132695645 0.788881390844 2.66446442451
0.14704436552 0.788887813645 2.65857829865
0.146963035268 0.788894230306 2.66137278041
0.147158519884 0.788900640835 2.66446347897
0.147140607173 0.788907045243 2.66883478104
0.147123206389 0.788913443536 2.66723021085
0.147201705917 0.788919835725 2.66904321172
0.147104996538 0.788926221817 2.66944936868
0.147163043168 0.788932601822 2.66663903937
0.147286602046 0.788938975748 2.67395727905
0.147183442383 0.788945343605 2.6695763075
0.147187866386 0.788951705399 2.67473598759
0.147036754343 0.788958061141 2.67190950272
0.147060391715 0.788964410839 2.66997596015
0.14711077707 0.788970754501 2.67625013284
0.147171165916 0.788977092137 2.67982552492
0.147307163217 0.788983423754 2.68431289648
0.14737983571 0.788989749361 2.6882648493
0.147225175638 0.788996068968 2.68240072857
0.147397219788 0.789002382581 2.68511599907
0.147337053732 0.78900869021 2.68722553609
0.14761390876 0.789014991864 2.69382718475
0.147807142826 0.789021287551 2.68940675828
0.14775903997 0.789027577279 2.6905780379
0.147602371618 0.789033861056 2.68639593002
0.147565211559 0.789040138892 2.68304228848
0.147598264243 0.789046410795 2.67976965605
0.147516700228 0.789052676772 2.68236897676
0.147649067487 0.789058936833 2.68511952127
0.147709299742 0.789065190986 2.68112116669
0.147593534891 0.789071439239 2.68017836837
0.147573228058 0.789077681601 2.68351058722
0.147574337892 0.789083918079 2.68498324634
0.147709670582 0.789090148683 2.68264753411
0.147571449171 0.78909637342 2.68444576324
0.147607937756 0.789102592299 2.68322202504
0.147981736344 0.789108805328 2.69179066265
0.147912412353 0.789115012515 2.69152515639
0.148054193893 0.789121213868 2.69421667532
