1248294062.755 1 2.246 -0.152
1248294062.755 8 1.300 -0.028
1248294062.996 8 1.279 0.095
1248294063.240 8 1.263 0.181
1248294063.482 8 1.217 0.307
1248294063.737 9 2.738 -0.176
1248294063.737 1 2.138 0.246
1248294063.737 8 1.182 0.384
1248294063.972 9 2.777 -0.041
1248294063.972 1 2.045 0.365
1248294063.972 8 1.110 0.518
1248294064.205 9 2.754 0.030
1248294064.205 1 1.983 0.441
1248294064.205 6 3.267 0.559
1248294064.438 9 2.705 0.152
1248294064.439 1 1.856 0.554
1248294064.670 9 2.682 0.201
1248294064.899 9 2.675 0.242
1248294065.359 9 2.546 0.365
1248294065.586 10 3.165 -0.148
1248294065.586 9 2.489 0.416
1248294065.839 10 3.162 -0.110
1248294065.839 9 2.443 0.452
1248294066.111 10 3.162 -0.060
1248294066.111 9 2.364 0.512
1248294066.340 9 2.352 0.507
1248294066.491 9 2.352 0.507
1248294066.642 9 2.352 0.507
1248294066.871 9 2.280 0.538
1248294067.787 9 2.252 0.525
1248294068.700 9 2.174 0.549
1248294068.930 9 2.171 0.543
1248294069.159 9 2.123 0.571
1248294069.846 9 2.100 0.560
1248294070.074 9 2.085 0.562
1248294070.225 9 2.085 0.562
1248294070.376 9 2.085 0.562
1248294070.605 9 2.059 0.564
1248294070.835 9 2.056 0.567
1248294071.063 9 2.042 0.570
1248294071.292 9 2.026 0.569
1248294071.520 9 2.013 0.572
1248294071.749 10 2.746 -0.066
1248294071.977 10 2.734 -0.065
1248294072.207 10 2.730 -0.065
1248294072.436 10 2.708 -0.061
1248294072.661 10 2.690 -0.076
1248294072.889 9 1.949 0.562
1248294073.118 10 2.681 -0.111
1248294073.804 9 1.942 0.528
1248294074.264 9 1.922 0.533
1248294074.723 9 1.918 0.515
1248294074.952 9 1.926 0.465
1248294075.182 9 1.918 0.465
1248294075.413 9 1.901 0.470
1248294075.642 9 1.873 0.480
1248294075.873 9 1.872 0.478
1248294076.365 9 1.871 0.436
1248294076.593 9 1.899 0.377
1248294076.822 9 1.921 0.327
1248294077.051 9 1.963 0.203
1248294077.511 9 1.964 0.064
1248294077.742 6 2.926 0.496
1248294077.973 6 3.033 0.415
1248294078.204 6 3.099 0.330
1248294078.436 6 3.162 0.254
1248294078.666 6 3.225 0.090
1248294078.896 6 3.231 -0.033
1248294079.808 7 2.556 0.542
1248294080.037 7 2.629 0.475
1248294080.265 7 2.714 0.387
1248294080.491 7 2.760 0.356
1248294080.718 7 2.801 0.303
1248294080.946 7 2.806 0.291
1248294081.171 7 2.754 0.364
1248294081.400 7 2.722 0.380
1248294081.629 7 2.739 0.381
1248294081.857 7 2.738 0.377
1248294082.086 7 2.753 0.346
1248294082.314 7 2.733 0.368
1248294082.773 7 2.629 0.483
1248294083.005 7 2.626 0.482
1248294083.236 7 2.636 0.467
1248294083.467 7 2.668 0.451
1248294083.924 7 2.518 0.566
1248294084.156 7 2.527 0.563
1248294084.388 7 2.525 0.556
1248294084.620 7 2.564 0.539
1248294084.849 7 2.535 0.554
1248294087.900 6 3.196 -0.205
1248294088.132 6 3.196 -0.206
1248294088.363 6 3.196 -0.212
1248294088.596 6 3.162 -0.250
1248294089.054 6 3.221 -0.137
1248294089.279 6 3.229 -0.136
1248294089.512 6 3.238 -0.138
1248294089.743 6 3.207 -0.151
1248294089.971 6 3.222 -0.154
1248294090.199 6 3.231 -0.081
1248294090.431 6 3.239 -0.041
1248294090.663 6 3.238 -0.041
1248294090.895 6 3.237 -0.046
1248294091.126 6 3.259 -0.076
1248294091.354 6 3.231 -0.052
1248294091.582 6 3.267 0.036
1248294091.815 6 3.236 0.035
1248294092.047 6 3.251 0.031
1248294092.279 6 3.272 0.016
1248294092.511 6 3.248 -0.001
1248294092.742 6 3.256 0.036
1248294093.209 6 3.242 0.117
1248294093.442 6 3.235 0.111
1248294093.674 6 3.264 0.073
1248294093.907 6 3.236 0.042
1248294094.139 6 3.267 0.048
1248294094.370 6 3.231 0.151
1248294094.597 6 3.231 0.148
1248294094.825 6 3.234 0.146
1248294095.054 6 3.234 0.130
1248294095.384 6 3.246 0.094
1248294095.615 6 3.247 0.087
1248294095.857 6 3.243 0.087
1248294096.136 6 3.244 0.087
1248294096.361 6 3.240 0.091
1248294096.590 6 3.203 0.160
1248294096.815 6 3.162 0.260
1248294097.047 6 3.166 0.270
1248294097.276 6 3.169 0.270
1248294097.507 6 3.164 0.270
1248294097.738 6 3.160 0.265
1248294097.964 6 3.162 0.274
1248294098.194 6 3.106 0.348
1248294098.430 6 3.061 0.397
1248294098.667 9 1.926 -0.169
1248294098.668 6 3.054 0.396
1248294098.903 9 1.918 -0.177
1248294098.903 6 3.074 0.379
1248294099.143 9 1.909 -0.209
1248294099.143 6 3.101 0.342
1248294099.377 9 1.915 -0.191
1248294099.378 6 3.080 0.377
1248294099.622 9 1.927 -0.105
1248294099.622 6 2.977 0.466
1248294099.886 9 1.940 -0.092
1248294099.886 6 2.979 0.472
1248294100.122 9 1.936 -0.099
1248294100.123 6 2.984 0.463
1248294100.378 6 3.013 0.438
1248294100.619 9 1.933 -0.111
1248294100.619 6 3.007 0.441
1248294100.889 6 2.846 0.550
1248294101.133 9 1.948 -0.011
1248294101.133 6 2.863 0.551
1248294101.373 9 1.948 -0.014
1248294101.373 6 2.867 0.548
1248294101.610 9 1.945 -0.026
1248294101.610 6 2.884 0.535
1248294101.849 9 1.948 -0.045
1248294101.849 6 2.905 0.517
1248294102.080 9 1.948 0.024
1248294102.316 9 1.946 0.077
1248294102.554 9 1.946 0.077
1248294102.791 9 1.947 0.076
1248294103.026 9 1.942 0.060
1248294103.261 6 2.843 0.558
1248294103.496 6 2.844 0.558
1248294103.728 9 1.951 0.050
1248294103.962 9 1.941 0.205
1248294104.198 9 1.925 0.183
1248294104.432 9 1.923 0.178
1248294104.664 9 1.933 0.146
1248294104.897 9 1.941 0.120
1248294105.128 9 1.945 0.070
1248294105.369 9 1.944 0.057
1248294105.837 9 1.903 0.239
1248294106.112 9 1.893 0.272
1248294106.346 9 1.897 0.269
1248294106.576 9 1.915 0.251
1248294106.809 9 1.923 0.219
1248294107.041 9 1.931 0.166
1248294107.271 9 1.933 0.151
1248294107.499 9 1.917 0.202
1248294107.732 9 1.911 0.251
1248294107.966 9 1.903 0.252
1248294108.200 9 1.913 0.243
1248294108.432 9 1.920 0.219
1248294108.660 9 1.904 0.250
1248294108.893 9 1.864 0.336
1248294109.126 9 1.868 0.337
1248294109.359 9 1.871 0.331
1248294109.590 9 1.880 0.309
1248294109.820 9 1.901 0.288
1248294110.052 9 1.912 0.249
1248294110.281 9 1.871 0.321
1248294110.510 9 1.816 0.429
1248294110.742 9 1.781 0.479
1248294110.972 9 1.768 0.492
1248294111.203 9 1.776 0.488
1248294111.432 9 1.795 0.460
1248294111.661 9 1.835 0.399
1248294111.891 9 1.861 0.361
1248294112.120 9 1.848 0.384
1248294112.346 9 1.795 0.456
1248294112.575 10 2.368 -0.186
1248294112.806 9 1.704 0.568
1248294113.038 9 1.689 0.567
1248294113.268 9 1.718 0.555
1248294113.497 9 1.740 0.534
1248294113.728 9 1.776 0.498
1248294114.407 10 2.389 -0.059
1248294114.637 10 2.396 -0.060
1248294114.866 10 2.396 -0.060
1248294115.091 10 2.386 -0.104
1248294115.321 10 2.377 -0.129
1248294115.548 10 2.368 -0.127
1248294115.774 10 2.386 -0.010
1248294116.269 10 2.384 0.101
1248294116.498 10 2.382 0.098
1248294116.727 10 2.378 0.083
1248294116.956 10 2.391 0.063
1248294117.180 10 2.370 0.148
1248294117.410 10 2.369 0.183
1248294117.641 10 2.373 0.181
1248294117.868 10 2.359 0.172
1248294118.096 10 2.387 0.130
1248294118.323 10 2.374 0.149
1248294118.547 10 2.353 0.217
1248294118.769 10 2.344 0.225
1248294118.991 10 2.366 0.215
1248294119.882 10 2.354 0.180
1248294120.106 10 2.358 0.172
1248294120.332 10 2.361 0.172
1248294120.556 10 2.355 0.172
1248294120.782 10 2.345 0.172
1248294121.006 10 2.351 0.172
1248294121.230 10 2.356 0.172
1248294121.455 10 2.355 0.172
1248294121.679 10 2.355 0.172
1248294121.903 10 2.350 0.172
1248294122.127 10 2.353 0.172
1248294122.352 10 2.356 0.171
1248294122.577 10 2.355 0.172
1248294122.813 10 2.354 0.172
1248294123.054 10 2.352 0.172
1248294123.290 10 2.352 0.172
1248294123.526 10 2.355 0.172
1248294123.766 10 2.355 0.172
1248294123.995 10 2.355 0.172
1248294124.224 10 2.355 0.172
1248294124.454 10 2.353 0.172
1248294124.683 10 2.353 0.172
1248294124.913 10 2.355 0.172
1248294125.150 10 2.355 0.172
1248294125.384 10 2.350 0.193
1248294125.615 10 2.314 0.249
1248294126.134 10 2.154 0.444
1248294126.362 10 2.018 0.571
1248294126.589 13 3.973 0.104
1248294127.050 13 3.817 0.271
1248294127.281 13 3.674 0.380
1248294127.744 14 3.065 -0.070
1248294127.972 12 2.005 0.380
1248294127.972 13 3.504 0.479
1248294128.658 19 6.473 0.022
1248294128.889 12 1.983 0.396
1248294128.889 13 3.473 0.489
1248294129.120 14 3.033 -0.050
1248294129.120 13 3.469 0.491
1248294129.350 5 1.367 0.205
1248294129.350 13 3.497 0.490
1248294129.580 5 1.344 0.217
1248294129.580 13 3.501 0.491
1248294129.811 19 6.624 0.021
1248294129.811 13 3.473 0.491
1248294130.041 5 1.314 0.219
1248294130.041 13 3.484 0.491
1248294130.272 12 1.987 0.396
1248294130.272 13 3.480 0.491
1248294130.504 19 6.624 0.022
1248294130.504 13 3.501 0.490
1248294130.734 19 6.624 0.009
1248294130.734 13 3.485 0.492
1248294130.966 12 1.985 0.399
1248294130.966 13 3.487 0.491
1248294131.197 12 1.984 0.408
1248294131.197 13 3.482 0.491
1248294131.427 12 1.997 0.408
1248294131.427 13 3.481 0.491
1248294131.661 12 1.984 0.416
1248294131.662 13 3.491 0.491
1248294131.899 12 2.000 0.421
1248294131.899 13 3.486 0.490
1248294132.134 13 3.485 0.491
1248294132.373 13 3.484 0.491
1248294132.608 13 3.485 0.490
1248294132.848 13 3.486 0.491
1248294133.078 13 3.491 0.490
1248294133.309 13 3.489 0.491
1248294133.539 12 1.975 0.405
1248294133.539 13 3.487 0.491
1248294133.770 13 3.468 0.497
1248294134.004 13 3.499 0.501
1248294134.245 14 3.022 -0.051
1248294134.245 13 3.499 0.502
1248294134.717 14 3.033 0.029
1248294134.954 14 3.003 0.109
1248294134.954 12 1.837 0.557
1248294135.190 14 2.938 0.233
1248294135.428 14 2.887 0.317
1248294135.905 15 4.056 -0.078
1248294135.905 1 1.739 0.214
1248294135.905 14 2.725 0.448
1248294136.180 14 2.661 0.492
1248294136.180 19 5.697 0.561
1248294136.417 14 2.547 0.563
1248294136.655 17 4.709 0.498
1248294136.900 1 1.677 0.383
1248294137.137 1 1.681 0.385
1248294137.374 1 1.667 0.391
1248294137.612 1 1.673 0.391
1248294137.851 1 1.662 0.394
1248294138.089 17 4.658 0.500
1248294138.328 17 4.602 0.512
1248294138.567 1 1.675 0.394
1248294138.805 1 1.669 0.396
1248294139.044 1 1.666 0.396
1248294139.044 17 4.588 0.510
1248294139.521 17 4.530 0.522
1248294139.759 1 1.669 0.397
1248294139.760 17 4.460 0.521
1248294139.997 17 4.460 0.521
1248294140.236 17 4.460 0.517
1248294140.476 1 1.693 0.384
1248294140.714 1 1.678 0.384
1248294140.952 1 1.679 0.383
1248294141.191 1 1.673 0.384
1248294141.428 2 3.196 0.442
1248294141.428 17 4.460 0.524
1248294141.666 1 1.681 0.376
1248294141.903 2 3.196 0.431
1248294141.903 17 4.363 0.531
1248294142.136 1 1.721 0.316
1248294142.375 17 4.530 0.444
1248294142.613 2 3.200 0.341
1248294142.613 14 2.297 0.572
1248294142.851 2 3.171 0.343
1248294142.851 17 4.541 0.449
1248294143.085 1 1.746 0.259
1248294143.323 2 3.201 0.250
1248294143.323 14 2.308 0.519
1248294143.563 15 3.626 -0.105
1248294143.563 14 2.290 0.520
1248294143.802 14 2.280 0.518
1248294144.040 2 3.104 0.237
1248294144.040 17 4.677 0.360
1248294144.278 1 1.790 0.168
1248294144.278 14 2.267 0.523
1248294144.750 14 2.318 0.449
1248294144.987 2 3.041 0.146
1248294144.987 14 2.311 0.448
1248294145.226 15 3.499 -0.182
1248294145.226 1 1.808 0.070
1248294145.226 2 3.033 0.143
1248294145.226 17 4.677 0.281
1248294145.226 14 2.295 0.449
1248294145.470 1 1.811 0.065
1248294145.470 2 3.008 0.139
1248294145.470 17 4.630 0.279
1248294145.470 14 2.289 0.450
1248294145.702 17 4.677 0.250
1248294145.703 14 2.297 0.421
1248294146.239 17 4.741 0.202
1248294146.239 14 2.318 0.379
1248294146.475 14 2.320 0.395
1248294146.712 17 4.653 0.204
1248294146.712 14 2.304 0.382
1248294146.950 14 2.299 0.381
1248294147.187 17 4.677 0.202
1248294147.187 14 2.281 0.383
1248294147.423 17 4.634 0.202
1248294147.423 14 2.274 0.383
1248294147.661 20 5.813 0.054
1248294147.661 14 2.260 0.383
1248294148.135 20 5.813 0.045
1248294148.135 14 2.237 0.388
1248294148.373 2 2.751 0.024
1248294148.373 14 2.221 0.389
1248294148.609 17 4.584 0.193
1248294148.609 14 2.219 0.390
1248294148.845 19 5.697 0.362
1248294149.083 17 4.530 0.195
1248294149.083 14 2.196 0.394
1248294149.320 17 4.566 0.197
1248294149.320 14 2.203 0.395
1248294149.558 2 2.689 0.005
1248294149.558 14 2.185 0.399
1248294149.796 17 4.530 0.207
1248294149.796 14 2.163 0.403
1248294150.033 20 5.813 0.054
1248294150.033 14 2.168 0.409
1248294150.270 20 5.813 0.053
1248294150.270 14 2.156 0.407
1248294150.749 20 5.697 0.061
1248294150.749 14 2.125 0.412
1248294150.987 20 5.697 0.059
1248294150.987 14 2.110 0.414
1248294151.224 20 5.697 0.060
1248294151.224 14 2.106 0.415
1248294151.463 20 5.697 0.061
1248294151.463 14 2.095 0.417
1248294151.700 20 5.697 0.060
1248294151.700 14 2.082 0.417
1248294151.937 20 5.697 0.056
1248294151.937 14 2.074 0.419
1248294152.174 17 4.460 0.203
1248294152.174 14 2.077 0.417
1248294152.411 20 5.697 0.053
1248294152.411 14 2.063 0.418
1248294152.648 20 5.697 0.055
1248294152.648 14 2.049 0.419
1248294152.882 20 5.585 0.051
1248294152.882 14 2.035 0.421
1248294153.115 14 2.080 0.365
1248294153.350 1 1.795 -0.094
1248294153.582 14 2.123 0.278
1248294153.813 14 2.138 0.187
1248294154.046 14 2.139 0.122
1248294154.046 18 6.473 0.296
1248294154.046 16 4.833 0.405
1248294154.282 19 5.813 0.010
1248294154.282 14 2.138 0.068
1248294154.283 18 6.473 0.236
1248294154.283 16 4.842 0.345
1248294154.283 3 3.541 0.422
1248294154.520 14 2.126 0.044
1248294154.520 16 4.916 0.325
1248294154.520 3 3.528 0.399
1248294154.758 19 5.697 -0.026
1248294154.758 18 6.624 0.217
1248294154.758 16 4.839 0.320
1248294154.758 3 3.520 0.392
1248294155.231 19 5.654 -0.031
1248294155.231 14 2.072 0.022
1248294155.232 18 6.473 0.193
1248294155.232 16 4.839 0.310
1248294155.232 3 3.458 0.376
1248294155.471 16 4.916 0.319
1248294155.709 14 2.044 0.042
1248294155.710 16 4.833 0.332
1248294155.710 3 3.379 0.395
1248294155.953 16 4.754 0.339
1248294155.953 3 3.379 0.399
1248294156.230 16 4.762 0.335
1248294156.230 3 3.337 0.400
1248294156.464 18 6.329 0.229
1248294156.464 3 3.303 0.407
1248294156.931 16 4.747 0.363
1248294156.931 3 3.224 0.423
1248294157.159 18 6.329 0.246
1248294157.159 3 3.171 0.428
1248294157.392 18 6.345 0.257
1248294157.392 3 3.162 0.432
1248294157.627 18 6.206 0.264
1248294157.627 3 3.129 0.435
1248294157.863 14 1.871 0.102
1248294157.863 3 3.073 0.448
1248294158.099 16 4.582 0.387
1248294158.099 3 3.065 0.444
1248294158.334 16 4.602 0.391
1248294158.334 3 3.010 0.448
1248294158.569 14 1.824 0.116
1248294158.569 3 2.973 0.454
1248294159.272 16 4.460 0.417
1248294159.272 3 2.887 0.483
1248294159.743 14 1.729 0.139
1248294159.743 3 2.808 0.484
1248294159.980 14 1.715 0.146
1248294159.980 3 2.780 0.495
1248294160.216 14 1.684 0.160
1248294160.216 3 2.730 0.496
1248294160.452 18 6.060 0.325
1248294160.452 3 2.705 0.501
1248294160.689 14 1.659 0.168
1248294160.689 3 2.661 0.516
1248294160.922 19 5.277 0.085
1248294160.922 3 2.656 0.512
1248294161.151 14 1.622 0.168
1248294161.151 3 2.607 0.520
1248294161.386 14 1.605 0.185
1248294161.386 3 2.556 0.532
1248294161.858 14 1.591 0.166
1248294161.858 3 2.475 0.552
1248294162.094 18 5.813 0.368
1248294162.094 3 2.434 0.562
1248294162.565 14 1.527 0.203
1248294162.565 16 4.028 0.515
1248294162.801 19 5.099 0.137
1248294162.801 16 4.042 0.511
1248294163.272 14 1.457 0.254
1248294163.506 3 2.297 0.558
1248294163.741 18 5.813 0.308
1248294163.741 3 2.314 0.521
1248294163.975 16 4.264 0.399
1248294163.975 3 2.350 0.482
1248294164.209 16 4.289 0.337
1248294164.209 3 2.369 0.426
1248294164.440 3 2.396 0.392
1248294164.672 16 4.393 0.262
1248294164.672 3 2.411 0.348
1248294164.904 3 2.428 0.274
1248294165.135 13 2.471 0.568
1248294165.368 13 2.508 0.532
1248294165.600 3 2.436 0.145
1248294165.600 13 2.587 0.478
1248294165.831 3 2.411 0.096
1248294165.831 13 2.625 0.425
1248294166.061 3 2.424 0.049
1248294166.333 13 2.712 0.323
1248294166.561 13 2.744 0.288
1248294166.789 13 2.745 0.233
1248294167.017 13 2.763 0.199
1248294167.244 13 2.780 0.175
1248294167.473 13 2.787 0.128
1248294167.702 12 1.115 0.543
1248294167.931 13 2.793 0.053
1248294167.931 12 1.112 0.529
1248294168.159 12 1.131 0.498
1248294168.389 13 2.795 0.004
1248294168.847 12 1.141 0.458
1248294169.077 13 2.790 -0.003
1248294169.309 13 2.784 0.009
1248294169.541 13 2.763 -0.007
1248294169.770 13 2.756 0.001
1248294169.999 13 2.753 0.049
1248294170.226 13 2.716 0.089
1248294170.453 13 2.730 0.119
1248294170.683 13 2.682 0.176
1248294170.911 13 2.675 0.214
1248294171.140 13 2.649 0.241
1248294171.369 13 2.630 0.281
1248294171.600 13 2.589 0.327
1248294171.831 13 2.552 0.366
1248294172.061 3 1.867 0.102
1248294172.061 13 2.535 0.385
1248294172.292 3 1.823 0.165
1248294172.292 13 2.468 0.451
1248294172.523 16 4.360 0.040
1248294172.755 13 2.399 0.517
1248294172.988 3 1.725 0.298
1248294172.988 13 2.331 0.561
1248294173.221 3 1.696 0.327
1248294173.457 3 1.676 0.347
1248294173.690 16 4.207 0.175
1248294173.924 3 1.619 0.377
1248294174.389 3 1.554 0.396
1248294174.855 16 4.202 0.178
1248294175.089 16 4.202 0.181
1248294175.322 16 4.157 0.181
1248294175.557 3 1.408 0.442
1248294176.024 3 1.342 0.468
1248294176.313 16 4.084 0.182
1248294176.779 16 4.033 0.187
1248294176.779 3 1.254 0.509
1248294177.011 18 5.585 0.044
1248294177.011 3 1.222 0.515
1248294177.468 16 4.084 0.072
1248294178.830 13 2.405 0.076
1248294182.697 10 2.076 0.398
1248294182.924 10 2.114 0.338
1248294183.151 10 2.151 0.285
1248294183.379 10 2.172 0.224
1248294183.607 10 2.198 0.158
1248294183.836 10 2.210 0.110
1248294184.065 9 2.859 0.556
1248294184.526 10 2.219 0.006
1248294184.754 10 2.214 0.088
1248294184.986 10 2.194 0.191
1248294185.217 10 2.196 0.191
1248294185.448 10 2.192 0.185
1248294185.678 10 2.192 0.171
1248294185.917 10 2.206 0.110
1248294186.183 10 2.218 0.118
1248294186.413 10 2.177 0.229
1248294186.643 10 2.176 0.231
1248294186.875 10 2.180 0.229
1248294187.104 10 2.194 0.188
1248294187.333 10 2.205 0.165
1248294187.564 10 2.186 0.195
1248294187.790 10 2.184 0.230
1248294188.021 10 2.164 0.265
1248294188.252 10 2.167 0.265
1248294188.481 10 2.173 0.249
1248294188.709 10 2.175 0.247
1248294188.934 10 2.138 0.312
1248294189.165 10 2.126 0.363
1248294189.395 10 2.110 0.363
1248294189.624 10 2.117 0.345
1248294189.849 10 2.147 0.317
1248294190.075 10 2.150 0.284
1248294190.303 10 2.173 0.264
1248294190.530 10 2.143 0.321
1248294190.982 10 2.061 0.439
1248294191.212 10 2.065 0.435
1248294191.441 10 2.082 0.422
1248294191.668 10 2.106 0.373
1248294192.351 10 2.067 0.446
1248294192.581 10 2.051 0.468
1248294192.805 10 2.054 0.455
1248294193.029 10 2.076 0.416
1248294193.260 10 2.095 0.401
1248294193.491 10 2.093 0.401
1248294193.721 10 2.092 0.401
1248294193.950 10 2.092 0.400
1248294194.179 10 2.105 0.374
1248294194.405 10 2.088 0.396
1248294194.632 10 2.029 0.471
1248294194.863 10 2.041 0.468
1248294195.093 10 2.046 0.466
1248294195.320 10 2.062 0.434
1248294195.549 10 2.099 0.400
1248294196.270 10 2.232 0.031
1248294196.957 6 4.980 0.230
1248294197.415 6 5.090 0.021
1248294197.871 7 4.833 0.430
1248294198.552 7 5.090 0.145
1248294199.231 11 1.648 0.507
1248294199.459 11 1.697 0.425
1248294199.687 5 2.240 0.567
1248294199.918 5 2.336 0.458
1248294200.149 5 2.374 0.400
1248294200.384 5 2.375 0.369
1248294200.620 11 1.761 0.091
1248294200.620 5 2.371 0.355
1248294200.856 5 2.347 0.369
1248294201.099 5 2.309 0.377
1248294201.335 5 2.293 0.382
1248294201.571 11 1.695 0.099
1248294201.571 5 2.256 0.393
1248294201.808 5 2.223 0.399
1248294202.045 11 1.665 0.102
1248294202.045 5 2.203 0.412
1248294202.282 5 2.173 0.417
1248294202.517 5 2.136 0.431
1248294202.754 5 2.106 0.437
1248294202.992 5 2.096 0.440
1248294203.230 5 2.064 0.444
1248294203.702 5 1.992 0.469
1248294204.178 11 1.515 0.104
1248294204.178 5 1.961 0.486
1248294204.414 5 1.918 0.489
1248294204.651 5 1.896 0.486
1248294204.888 5 1.877 0.490
1248294205.125 5 1.828 0.517
1248294205.361 5 1.819 0.514
1248294205.599 5 1.788 0.525
1248294205.836 5 1.745 0.545
1248294206.117 5 1.726 0.550
1248294206.351 5 1.679 0.563
1248294206.589 11 1.331 0.091
1248294206.590 5 1.655 0.567
1248294206.827 5 1.631 0.572
1248294207.064 11 1.295 0.074
1248294207.300 11 1.294 0.115
1248294207.537 11 1.256 0.093
1248294207.774 11 1.251 0.081
1248294208.011 11 1.224 0.076
1248294208.246 11 1.221 0.075
1248294208.483 11 1.219 0.037
1248294208.715 11 1.185 0.124
1248294208.947 11 1.180 0.129
1248294209.184 11 1.147 0.135
1248294209.420 11 1.153 0.181
1248294209.655 11 1.131 0.174
1248294209.890 11 1.120 0.204
1248294210.123 11 1.110 0.248
1248294211.729 7 4.460 -0.045
1248294212.184 8 2.606 -0.125
1248294212.184 7 4.460 0.057
1248294212.411 8 2.622 -0.071
1248294212.411 7 4.393 0.121
1248294212.638 7 4.393 0.164
1248294212.866 7 4.347 0.203
1248294213.093 7 4.264 0.246
1248294213.321 7 4.248 0.305
1248294213.551 8 2.581 0.128
1248294213.551 7 4.202 0.322
1248294213.780 7 4.202 0.331
1248294214.011 7 4.202 0.326
1248294214.241 7 4.187 0.333
1248294214.472 7 4.142 0.327
1248294214.701 8 2.529 0.143
1248294214.931 7 4.172 0.341
1248294215.160 7 4.150 0.336
1248294215.391 7 4.142 0.328
1248294215.621 8 2.513 0.135
1248294215.858 8 2.489 0.143
1248294216.359 7 4.084 0.336
1248294216.589 7 4.084 0.337
1248294216.817 7 4.073 0.337
1248294217.050 8 2.450 0.145
1248294217.050 7 4.084 0.338
1248294217.284 8 2.473 0.125
1248294217.284 7 4.084 0.326
1248294217.517 8 2.463 0.126
1248294217.750 8 2.424 0.139
1248294217.750 7 4.084 0.325
1248294217.982 8 2.413 0.145
1248294217.982 7 4.028 0.341
1248294218.215 8 2.429 0.128
1248294218.215 7 4.028 0.334
1248294218.448 8 2.407 0.148
1248294218.448 7 4.039 0.338
1248294218.682 8 2.392 0.145
1248294218.682 7 4.000 0.338
1248294218.916 8 2.386 0.148
1248294218.916 7 3.991 0.339
1248294219.148 8 2.390 0.148
1248294219.148 7 4.028 0.339
1248294219.382 8 2.381 0.143
1248294219.382 7 4.028 0.336
1248294219.613 8 2.363 0.146
1248294219.614 7 3.973 0.339
1248294220.095 8 2.320 0.157
1248294220.095 7 3.923 0.350
1248294220.328 8 2.293 0.154
1248294220.328 7 3.919 0.348
1248294220.561 8 2.286 0.154
1248294220.561 7 3.919 0.341
1248294221.029 8 2.243 0.157
1248294221.029 7 3.868 0.343
1248294221.261 8 2.238 0.156
1248294221.262 7 3.868 0.345
1248294221.495 7 3.868 0.345
1248294221.958 7 3.817 0.348
1248294222.186 8 2.178 0.152
1248294222.186 7 3.817 0.355
1248294222.418 8 2.160 0.163
1248294222.419 7 3.772 0.363
1248294222.647 8 2.133 0.163
1248294222.647 7 3.768 0.366
1248294223.118 8 2.114 0.170
1248294223.118 7 3.726 0.371
1248294223.344 7 3.720 0.361
1248294223.569 8 2.104 0.185
1248294223.801 8 2.053 0.266
1248294224.032 8 1.978 0.372
1248294224.266 6 4.123 -0.075
1248294224.266 8 1.892 0.472
1248294224.501 8 1.819 0.549
1248294224.738 6 4.084 0.133
1248294224.979 6 3.973 0.211
1248294225.238 9 2.459 0.021
1248294225.238 6 3.868 0.332
1248294225.495 9 2.425 0.107
1248294225.496 6 3.763 0.423
1248294225.731 9 2.379 0.222
1248294225.731 6 3.555 0.545
1248294225.968 9 2.323 0.309
1248294226.244 9 2.254 0.391
1248294226.475 9 2.127 0.526
1248294226.702 10 2.044 -0.133
1248294226.954 10 2.059 -0.055
1248294227.197 10 2.042 0.032
1248294227.437 10 2.011 0.158
1248294227.667 10 1.975 0.233
1248294227.922 10 1.936 0.312
1248294228.161 10 1.840 0.446
1248294228.414 10 1.756 0.533
1248294229.313 12 1.329 0.118
1248294229.771 12 1.289 0.231
1248294230.233 16 5.001 -0.037
1248294230.466 12 1.226 0.287
1248294231.620 16 4.647 0.336
1248294231.853 16 4.530 0.393
1248294232.086 19 5.479 0.104
1248294232.320 16 4.264 0.521
1248294232.553 16 4.142 0.567
1248294233.020 14 1.892 0.219
1248294233.020 19 5.277 0.332
1248294233.250 2 5.090 0.166
1248294233.250 1 4.460 0.465
1248294233.480 2 5.090 0.161
1248294233.716 1 4.393 0.470
1248294234.192 2 5.030 0.183
1248294234.192 19 5.182 0.351
1248294234.430 2 5.001 0.184
1248294234.430 1 4.327 0.485
1248294234.668 19 5.182 0.351
1248294234.668 1 4.327 0.489
1248294234.908 14 1.771 0.250
1248294234.908 1 4.264 0.491
1248294235.145 14 1.738 0.258
1248294235.384 1 4.172 0.487
1248294235.622 2 4.916 0.199
1248294235.622 1 4.084 0.496
1248294235.861 2 4.916 0.208
1248294235.861 1 4.084 0.494
1248294236.143 2 4.833 0.212
1248294236.143 1 4.084 0.504
1248294236.379 3 1.537 -0.091
1248294236.379 18 5.376 0.551
1248294236.614 19 5.182 0.214
1248294236.614 16 3.973 0.567
1248294236.847 19 5.277 0.163
1248294236.847 16 4.084 0.521
1248294237.081 14 1.677 -0.003
1248294237.081 16 4.172 0.467
1248294237.314 14 1.660 -0.033
1248294237.550 16 4.248 0.384
1248294237.787 2 4.861 -0.115
1248294237.787 16 4.223 0.392
1248294238.022 14 1.604 -0.054
1248294238.022 16 4.202 0.387
1248294238.258 16 4.251 0.387
1248294238.495 1 4.202 0.194
1248294238.495 16 4.211 0.396
1248294238.731 17 3.868 -0.197
1248294238.731 16 4.152 0.399
1248294238.966 16 4.202 0.404
1248294239.203 18 5.813 0.293
1248294239.203 16 4.092 0.407
1248294239.436 19 5.105 0.034
1248294239.436 16 4.084 0.409
1248294239.667 16 4.113 0.413
1248294239.904 19 5.101 0.032
1248294239.904 16 4.084 0.405
1248294240.138 18 5.813 0.297
1248294240.138 16 4.098 0.407
1248294240.608 19 5.090 0.032
1248294240.842 16 3.977 0.415
1248294241.080 19 5.001 0.017
1248294241.080 16 4.017 0.407
1248294241.315 17 3.648 -0.205
1248294241.315 16 3.973 0.409
1248294241.551 18 5.697 0.289
1248294241.551 16 3.973 0.418
1248294241.787 17 3.674 -0.205
1248294241.787 16 3.967 0.419
1248294242.022 16 3.959 0.413
1248294242.257 18 5.585 0.301
1248294242.257 16 3.924 0.423
1248294242.492 1 3.662 0.245
1248294242.492 16 3.868 0.425
1248294243.182 16 4.094 0.219
1248294243.414 13 2.160 0.537
1248294243.639 13 2.235 0.465
1248294243.866 13 2.283 0.386
1248294244.092 13 2.338 0.307
1248294244.549 13 2.372 0.229
1248294244.776 13 2.374 0.180
1248294245.006 13 2.378 0.158
1248294245.236 13 2.405 0.109
1248294245.463 13 2.350 0.127
1248294245.689 13 2.317 0.179
1248294245.924 13 2.272 0.258
1248294246.208 13 2.243 0.302
1248294246.437 13 2.182 0.360
1248294246.668 13 2.198 0.352
1248294246.900 13 2.158 0.371
1248294247.131 16 3.973 -0.081
1248294247.131 13 2.134 0.381
1248294247.363 13 2.131 0.380
1248294247.594 13 2.128 0.378
1248294247.829 16 3.919 -0.091
1248294247.829 13 2.153 0.366
1248294248.063 1 3.065 -0.227
1248294248.063 16 3.932 -0.090
1248294248.063 13 2.092 0.390
1248294248.296 16 3.919 -0.093
1248294248.296 13 2.103 0.373
1248294248.530 1 3.033 -0.215
1248294248.531 16 3.893 -0.087
1248294248.531 13 2.069 0.397
1248294248.765 16 3.919 -0.077
1248294249.001 1 2.973 -0.212
1248294249.001 16 3.868 -0.086
1248294249.001 13 2.040 0.401
1248294249.236 16 3.868 -0.077
1248294249.236 13 2.027 0.415
1248294249.470 16 3.842 -0.079
1248294249.470 13 2.010 0.420
1248294249.706 1 2.887 -0.203
1248294249.706 16 3.817 -0.087
1248294249.706 13 2.002 0.411
1248294249.942 1 2.887 -0.206
1248294249.942 16 3.825 -0.094
1248294249.942 13 1.994 0.412
1248294250.176 1 2.854 -0.206
1248294250.176 16 3.768 -0.098
1248294250.176 13 2.013 0.387
1248294250.411 1 2.832 -0.206
1248294250.412 16 3.768 -0.098
1248294250.412 13 1.968 0.410
1248294250.645 1 2.806 -0.207
1248294250.646 16 3.768 -0.098
1248294250.646 13 1.960 0.413
1248294250.880 1 2.799 -0.203
1248294250.880 16 3.742 -0.097
1248294250.881 13 1.941 0.417
1248294251.352 1 2.754 -0.203
1248294251.352 16 3.735 -0.101
1248294251.352 13 1.928 0.418
1248294251.587 1 2.721 -0.199
1248294251.587 16 3.720 -0.098
1248294251.587 13 1.931 0.407
1248294251.823 1 2.705 -0.192
1248294251.823 16 3.723 -0.098
1248294251.823 13 1.896 0.423
1248294252.058 1 2.681 -0.183
1248294252.058 16 3.720 -0.094
1248294252.058 13 1.889 0.431
1248294252.292 1 2.681 -0.179
1248294252.293 16 3.697 -0.092
1248294252.293 13 1.886 0.435
1248294252.528 16 3.720 -0.081
1248294252.762 1 2.611 -0.177
1248294252.762 16 3.680 -0.097
1248294252.762 13 1.862 0.436
1248294253.226 1 2.550 -0.226
1248294253.227 16 3.631 -0.154
1248294253.227 13 1.878 0.383
1248294253.460 1 2.546 -0.221
1248294253.460 16 3.628 -0.150
1248294253.460 13 1.866 0.388
1248294253.692 1 2.483 -0.257
1248294253.692 16 3.584 -0.190
1248294253.692 13 1.872 0.356
1248294253.925 16 3.599 -0.190
1248294253.925 13 1.872 0.348
1248294254.158 13 1.881 0.315
1248294254.620 13 1.857 0.292
1248294254.852 13 1.881 0.257
1248294255.327 13 1.817 0.280
1248294256.057 13 1.768 0.303
1248294256.311 13 1.766 0.292
1248294257.002 13 1.687 0.333
1248294257.468 13 1.672 0.339
1248294257.702 13 1.655 0.347
1248294257.936 13 1.631 0.386
1248294258.404 13 1.626 0.339
1248294258.638 13 1.578 0.381
1248294259.108 13 1.583 0.364
1248294259.344 13 1.540 0.398
1248294259.578 13 1.539 0.398
1248294259.814 13 1.526 0.400
1248294260.048 13 1.519 0.406
1248294260.284 13 1.508 0.412
1248294260.523 13 1.498 0.416
1248294260.765 13 1.487 0.419
1248294261.005 16 3.129 -0.236
1248294261.005 13 1.471 0.423
1248294261.243 13 1.449 0.436
1248294261.480 13 1.419 0.459
1248294261.717 13 1.411 0.458
1248294262.669 13 1.309 0.530
1248294262.913 13 1.331 0.503
1248294263.158 13 1.287 0.527
1248294263.941 16 3.003 -0.168
1248294263.942 13 1.233 0.559
1248294264.180 16 2.973 -0.163
1248294264.180 13 1.215 0.568
1248294264.656 16 2.944 -0.148
1248294265.131 16 2.915 -0.144
1248294267.720 13 1.122 0.447
1248294268.172 13 1.174 0.313
1248294269.077 13 1.221 0.126
1248294269.759 13 1.158 0.352
1248294269.989 13 1.175 0.340
1248294270.219 13 1.158 0.365
1248294271.360 13 1.151 0.422
1248294271.591 13 1.147 0.412
1248294272.279 13 1.123 0.511
1248294272.510 13 1.123 0.509
1248294273.200 13 1.135 0.466
1248294275.971 16 2.775 -0.130
1248294276.472 16 2.754 -0.103
1248294276.703 16 2.718 -0.101
1248294277.855 16 2.684 -0.082
1248294278.087 16 2.678 -0.080
1248294278.319 16 2.664 -0.079
1248294278.551 16 2.663 -0.077
1248294278.782 16 2.664 -0.079
1248294279.014 16 2.652 -0.079
1248294279.246 16 2.637 -0.077
1248294279.477 16 2.635 -0.079
1248294279.936 16 2.612 -0.050
1248294280.629 16 2.589 -0.028
1248294280.860 16 2.566 -0.017
1248294281.090 16 2.549 -0.007
1248294281.324 16 2.528 0.005
1248294282.014 16 2.477 -0.062
1248294282.240 16 2.443 -0.183
1248294287.484 10 2.163 0.556
1248294287.717 10 2.187 0.524
1248294287.948 10 2.285 0.413
1248294288.178 10 2.335 0.342
1248294288.178 9 3.541 0.516
1248294288.408 10 2.372 0.252
1248294288.639 10 2.416 0.135
1248294288.872 6 5.585 0.198
1248294289.103 10 2.420 -0.032
1248294289.336 12 1.345 0.470
1248294289.569 12 1.345 0.464
1248294289.803 12 1.335 0.456
1248294290.036 6 5.697 0.011
1248294290.036 12 1.329 0.442
1248294290.270 12 1.301 0.466
1248294290.503 9 3.817 0.029
1248294290.503 12 1.324 0.432
1248294290.736 10 2.265 -0.176
1248294290.736 12 1.279 0.458
1248294290.970 6 5.585 -0.022
1248294290.970 12 1.277 0.449
1248294291.204 9 3.805 0.011
1248294291.204 12 1.270 0.437
1248294291.899 9 3.720 -0.059
1248294292.130 12 1.263 0.343
1248294292.594 12 1.301 0.231
1248294292.826 12 1.294 0.201
1248294293.058 12 1.305 0.155
1248294293.290 12 1.310 0.127
1248294293.523 12 1.312 0.100
1248294293.756 11 2.924 0.532
1248294293.990 11 3.003 0.485
1248294294.225 11 3.043 0.445
1248294294.458 11 3.133 0.375
1248294294.692 11 3.176 0.327
1248294294.926 11 3.208 0.283
1248294295.161 11 3.273 0.207
1248294295.396 11 3.301 0.154
1248294295.632 11 3.309 0.093
1248294295.868 11 3.325 -0.012
1248294296.147 11 3.312 -0.077
1248294296.388 11 3.322 -0.133
1248294296.627 11 3.315 -0.126
1248294296.863 11 3.340 -0.062
1248294297.099 11 3.331 0.024
1248294297.333 11 3.323 0.097
1248294297.563 11 3.277 0.194
1248294297.798 11 3.260 0.246
1248294298.034 11 3.203 0.297
1248294298.270 11 3.138 0.380
1248294298.505 11 3.095 0.423
1248294298.738 11 2.981 0.500
1248294298.971 11 2.922 0.540
1248294299.905 11 2.954 0.523
1248294300.142 11 2.954 0.525
1248294300.377 12 1.395 0.079
1248294300.377 11 2.947 0.528
1248294300.611 11 2.911 0.553
1248294302.012 12 1.348 0.143
1248294302.476 11 2.929 0.540
1248294302.708 11 3.005 0.491
1248294302.942 11 3.119 0.372
1248294303.646 11 3.231 0.217
1248294303.880 11 3.267 0.138
1248294304.116 11 3.277 0.051
1248294304.352 11 3.270 -0.037
1248294304.588 11 3.233 -0.088
1248294304.826 11 3.201 -0.147
1248294305.063 11 3.179 -0.203
1248294305.300 11 3.129 -0.266
1248294306.325 11 3.033 -0.319
1248294306.565 11 3.033 -0.297
1248294308.945 15 2.691 0.525
1248294309.183 15 2.792 0.444
1248294309.421 15 2.844 0.363
1248294309.656 15 2.940 0.240
1248294309.893 15 2.967 0.167
1248294310.130 15 2.965 0.149
1248294310.363 15 2.988 0.055
1248294310.597 15 2.980 -0.035
1248294310.833 15 2.958 -0.105
1248294311.526 17 2.592 0.475
1248294311.761 17 2.715 0.339
1248294312.230 17 2.780 0.218
1248294312.468 19 3.285 0.557
1248294312.706 17 2.760 0.168
1248294312.943 17 2.734 0.171
1248294313.181 17 2.714 0.194
1248294313.419 17 2.703 0.200
1248294313.654 20 4.084 0.093
1248294313.654 19 3.228 0.560
1248294313.889 17 2.705 0.095
1248294314.125 19 3.343 0.477
1248294314.361 17 2.675 0.001
1248294314.599 19 3.415 0.418
1248294314.836 19 3.387 0.418
1248294315.075 19 3.356 0.418
1248294315.311 19 3.352 0.421
1248294315.550 19 3.350 0.425
1248294315.787 19 3.330 0.429
1248294316.026 19 3.305 0.430
1248294316.310 19 3.293 0.430
1248294316.547 19 3.271 0.432
1248294316.785 17 2.539 0.005
1248294316.785 19 3.267 0.435
1248294317.023 19 3.236 0.436
1248294317.261 19 3.231 0.431
1248294317.499 19 3.233 0.438
1248294317.737 19 3.205 0.439
1248294317.975 19 3.202 0.442
1248294318.212 19 3.179 0.443
1248294318.450 19 3.196 0.438
1248294318.688 17 2.412 0.009
1248294318.688 19 3.152 0.448
1248294318.926 20 3.771 -0.064
1248294318.926 19 3.137 0.452
1248294319.164 19 3.118 0.458
1248294319.401 19 3.111 0.461
1248294319.639 19 3.081 0.462
1248294319.876 19 3.067 0.465
1248294320.111 17 2.334 0.039
1248294320.111 19 3.033 0.498
1248294320.348 19 2.952 0.533
1248294320.586 19 2.940 0.539
1248294320.823 19 2.919 0.540
1248294321.057 17 2.266 0.137
1248294321.293 17 2.227 0.193
1248294321.531 17 2.233 0.193
1248294321.768 17 2.218 0.191
1248294322.004 17 2.216 0.188
1248294322.240 17 2.163 0.227
1248294322.477 17 2.130 0.270
1248294322.714 17 2.106 0.288
1248294322.951 20 3.504 0.222
1248294322.951 17 2.096 0.307
1248294323.188 17 2.056 0.319
1248294323.427 17 2.041 0.330
1248294323.664 17 2.018 0.340
1248294323.902 17 2.000 0.335
1248294324.140 17 2.007 0.315
1248294324.378 17 1.970 0.338
1248294324.614 17 1.951 0.335
1248294324.851 17 1.943 0.356
1248294325.089 17 1.935 0.383
1248294325.326 17 1.899 0.361
1248294325.565 20 3.303 0.241
1248294325.565 17 1.911 0.350
1248294325.807 17 1.881 0.338
1248294326.052 20 3.267 0.259
1248294326.052 17 1.859 0.369
1248294326.329 17 1.841 0.373
1248294326.568 20 3.201 0.267
1248294326.568 17 1.809 0.381
1248294327.046 17 1.786 0.380
1248294327.282 17 1.795 0.372
1248294327.521 17 1.738 0.401
1248294327.759 17 1.725 0.401
1248294327.997 17 1.701 0.412
1248294328.235 17 1.690 0.421
1248294328.474 17 1.668 0.425
1248294328.713 17 1.665 0.423
1248294328.951 20 3.028 0.294
1248294328.951 17 1.637 0.428
1248294329.189 17 1.607 0.443
1248294329.427 17 1.602 0.443
1248294329.666 17 1.565 0.458
1248294329.904 17 1.574 0.449
1248294330.141 17 1.535 0.470
1248294330.378 17 1.523 0.470
1248294330.616 17 1.511 0.476
1248294330.857 17 1.488 0.485
1248294331.095 17 1.460 0.503
1248294331.328 17 1.448 0.510
1248294331.558 17 1.448 0.497
1248294331.794 17 1.410 0.517
1248294332.032 17 1.399 0.507
1248294332.270 17 1.383 0.520
1248294332.508 17 1.385 0.503
1248294332.746 20 2.743 0.346
1248294332.746 17 1.360 0.526
1248294332.984 17 1.323 0.548
1248294333.221 17 1.326 0.540
1248294333.458 17 1.300 0.559
1248294333.697 17 1.280 0.569
1248294333.936 17 1.269 0.570
1248294334.176 17 1.258 0.569
1248294334.654 20 2.583 0.393
1248294335.131 20 2.540 0.408
1248294335.370 20 2.522 0.413
1248294335.608 20 2.511 0.407
1248294335.864 20 2.482 0.408
1248294336.147 20 2.461 0.414
1248294336.386 20 2.430 0.426
1248294336.625 20 2.412 0.435
1248294336.862 20 2.389 0.441
1248294337.102 20 2.377 0.432
1248294337.337 20 2.342 0.465
1248294337.573 20 2.247 0.541
1248294337.809 20 2.207 0.567
1248294345.269 20 2.135 0.491
1248294345.508 20 2.126 0.483
1248294345.987 20 2.058 0.542
1248294346.745 20 2.018 0.558
1248294350.275 15 1.353 -0.364
1248294350.985 15 1.344 -0.283
1248294351.463 15 1.334 -0.198
1248294351.704 15 1.344 -0.107
1248294351.948 15 1.336 -0.107
1248294352.184 15 1.293 -0.134
1248294352.424 15 1.293 -0.051
1248294352.660 15 1.288 -0.059
1248294352.900 15 1.264 0.027
1248294353.138 15 1.248 0.034
1248294353.377 15 1.226 0.087
1248294353.618 15 1.203 0.172
1248294353.863 15 1.190 0.208
1248294354.102 15 1.167 0.231
1248294354.346 15 1.147 0.272
1248294354.590 15 1.142 0.272
1248294358.708 11 3.258 -0.171
1248294358.940 11 3.267 -0.147
1248294359.412 11 3.233 -0.113
1248294359.884 11 3.214 -0.111
1248294360.118 11 3.201 -0.122
1248294360.588 11 3.156 -0.116
1248294360.824 11 3.162 -0.120
1248294361.062 11 3.133 -0.118
1248294361.534 11 3.089 -0.120
1248294362.004 11 3.065 -0.119
1248294362.235 11 3.037 -0.120
1248294362.469 11 3.027 -0.117
1248294362.705 11 3.022 -0.118
1248294362.940 11 3.003 -0.131
1248294363.176 11 2.974 -0.118
1248294363.412 11 2.969 -0.120
1248294363.883 11 2.920 -0.130
1248294364.353 11 2.899 -0.127
1248294364.583 11 2.906 -0.071
1248294364.814 11 2.883 0.013
1248294365.045 11 2.859 0.098
1248294365.741 8 4.715 0.164
1248294365.741 11 2.657 0.391
1248294365.991 11 2.504 0.519
1248294366.257 8 4.460 0.371
1248294366.488 8 4.327 0.495
1248294366.719 9 4.916 0.189
1248294366.953 9 4.833 0.264
1248294367.187 5 1.475 0.206
1248294367.187 6 6.191 0.428
1248294367.421 5 1.431 0.244
1248294367.654 6 6.060 0.462
1248294367.890 6 6.060 0.484
1248294368.124 6 5.933 0.492
1248294368.360 6 6.060 0.480
1248294368.596 6 5.933 0.478
1248294368.830 5 1.264 0.300
1248294369.066 5 1.231 0.317
1248294369.302 12 2.450 0.073
1248294369.537 5 1.160 0.341
1248294369.769 5 1.133 0.311
1248294370.000 12 2.368 -0.071
1248294370.232 12 2.332 -0.151
1248294370.464 12 2.314 -0.222
1248294370.464 8 4.152 0.467
1248294370.697 8 4.309 0.359
1248294371.162 11 2.342 0.520
1248294371.393 11 2.449 0.397
1248294371.623 11 2.511 0.309
1248294371.854 11 2.542 0.232
1248294372.083 11 2.567 0.124
1248294372.314 11 2.569 0.045
1248294372.544 11 2.589 -0.009
1248294372.774 11 2.546 -0.114
1248294373.006 11 2.512 -0.186
1248294373.239 11 2.504 -0.239
1248294380.890 11 2.202 -0.241
1248294381.125 11 2.196 -0.231
1248294381.594 11 2.214 -0.142
1248294381.828 11 2.187 -0.146
1248294382.293 11 2.193 -0.132
1248294382.523 11 2.180 -0.043
1248294382.755 11 2.206 0.009
1248294382.986 11 2.198 0.018
1248294383.214 11 2.168 0.064
1248294383.443 11 2.122 0.155
1248294383.675 11 2.104 0.208
1248294383.907 11 2.075 0.227
1248294384.136 11 2.052 0.273
1248294384.366 11 2.046 0.293
1248294384.595 11 1.951 0.395
1248294384.827 11 1.943 0.402
1248294385.284 11 1.849 0.507
1248294385.516 11 1.787 0.563
1248294385.749 8 3.868 0.275
1248294385.749 11 1.787 0.567
1248294385.977 8 3.868 0.297
1248294386.489 8 3.734 0.370
1248294386.489 7 4.916 0.557
1248294386.719 8 3.674 0.408
1248294386.952 8 3.600 0.455
1248294387.184 8 3.594 0.458
1248294387.413 8 3.499 0.526
1248294387.646 8 3.468 0.535
1248294387.880 9 4.264 0.081
1248294387.880 8 3.440 0.541
1248294388.114 8 3.462 0.545
1248294388.347 9 4.264 0.089
1248294388.347 8 3.438 0.546
1248294388.578 6 5.697 0.302
1248294388.809 6 5.585 0.376
1248294389.043 10 3.269 -0.136
1248294389.043 6 5.577 0.391
1248294389.276 9 4.084 0.247
1248294389.276 6 5.490 0.400
1248294389.510 6 5.479 0.399
1248294389.746 10 3.246 -0.122
1248294389.746 6 5.479 0.407
1248294389.980 6 5.479 0.405
1248294390.214 6 5.479 0.404
1248294390.448 12 1.877 -0.230
1248294390.448 6 5.479 0.407
1248294390.682 9 4.018 0.265
1248294390.682 6 5.398 0.412
1248294390.914 6 5.277 0.487
1248294391.149 6 5.202 0.493
1248294391.383 6 5.277 0.484
1248294391.615 6 5.330 0.450
1248294391.848 6 5.385 0.409
1248294392.083 9 3.973 0.262
1248294392.083 6 5.398 0.406
1248294392.317 6 5.376 0.404
1248294392.550 6 5.376 0.399
1248294392.780 6 5.376 0.400
1248294393.011 6 5.376 0.404
1248294393.246 6 5.376 0.408
1248294393.481 6 5.356 0.417
1248294393.715 6 5.347 0.421
1248294393.950 6 5.369 0.416
1248294394.187 6 5.296 0.410
1248294394.421 6 5.277 0.412
1248294394.657 10 3.029 -0.131
1248294394.657 6 5.277 0.421
1248294394.892 6 5.309 0.423
1248294395.127 6 5.277 0.423
1248294395.361 6 5.253 0.420
1248294395.596 10 2.988 -0.134
1248294395.596 6 5.277 0.425
1248294395.839 6 5.269 0.424
1248294396.114 10 2.977 -0.132
1248294396.114 6 5.188 0.428
1248294396.352 9 3.774 0.277
1248294396.352 6 5.194 0.424
1248294396.586 6 5.199 0.422
1248294396.821 6 5.205 0.424
1248294397.057 6 5.182 0.424
1248294397.290 6 5.182 0.422
1248294397.524 6 5.148 0.426
1248294397.760 6 5.174 0.430
1248294397.996 6 5.125 0.428
1248294398.230 6 5.123 0.423
1248294398.464 6 5.176 0.433
1248294398.699 6 5.155 0.432
1248294398.934 6 5.103 0.427
1248294399.169 6 5.169 0.433
1248294399.404 6 5.090 0.427
1248294399.638 6 5.105 0.428
1248294399.873 6 5.082 0.434
1248294400.108 6 5.090 0.435
1248294400.343 6 5.090 0.432
1248294400.578 6 5.075 0.431
1248294400.812 6 5.075 0.433
1248294401.047 6 5.023 0.439
1248294401.283 6 5.084 0.439
1248294401.518 6 5.090 0.438
1248294401.752 9 3.613 0.286
1248294401.752 6 5.063 0.443
1248294401.986 10 2.768 -0.144
1248294401.986 6 5.001 0.437
1248294402.219 6 5.001 0.435
1248294402.451 9 3.499 0.365
1248294402.685 6 4.801 0.533
1248294402.922 10 2.719 -0.056
1248294402.922 9 3.434 0.389
1248294402.922 6 4.754 0.536
1248294403.160 10 2.696 -0.056
1248294403.161 9 3.431 0.384
1248294403.161 6 4.754 0.537
1248294403.397 10 2.690 -0.063
1248294403.627 10 2.691 -0.022
1248294403.857 10 2.679 0.005
1248294403.857 9 3.315 0.458
1248294404.092 10 2.661 -0.070
1248294404.092 9 3.418 0.385
1248294404.092 6 4.754 0.531
1248294404.330 10 2.675 -0.081
1248294404.330 9 3.431 0.372
1248294404.330 6 4.783 0.517
1248294404.567 10 2.666 -0.085
1248294404.567 6 4.833 0.511
1248294404.800 10 2.634 -0.173
1248294404.800 9 3.504 0.283
1248294404.800 6 5.001 0.421
1248294405.033 10 2.611 -0.239
1248294405.033 9 3.541 0.217
1248294405.034 6 5.090 0.353
1248294405.272 9 3.584 0.153
1248294405.272 6 5.182 0.288
1248294405.502 9 3.624 0.059
1248294405.503 6 5.277 0.198
1248294405.733 9 3.628 -0.002
1248294405.734 6 5.326 0.142
1248294405.734 8 3.015 0.551
1248294405.969 9 3.626 -0.054
1248294405.969 6 5.367 0.088
1248294405.969 8 3.108 0.490
1248294406.248 8 3.196 0.416
1248294406.477 8 3.261 0.378
1248294406.705 7 4.833 0.450
1248294406.935 7 4.833 0.413
1248294407.162 8 3.379 0.212
1248294407.391 7 5.090 0.307
1248294407.619 8 3.458 0.097
1248294407.619 7 5.090 0.254
1248294407.847 7 5.182 0.218
1248294408.304 11 1.549 0.544
1248294408.533 11 1.576 0.509
1248294408.761 11 1.598 0.471
1248294408.990 11 1.635 0.423
1248294409.219 7 5.277 -0.023
1248294409.219 11 1.646 0.399
1248294409.447 11 1.673 0.346
1248294409.676 11 1.688 0.321
1248294409.906 11 1.712 0.271
1248294410.135 11 1.723 0.232
1248294410.596 11 1.737 0.231
1248294410.827 11 1.726 0.221
1248294411.057 11 1.730 0.198
1248294411.744 7 5.229 -0.153
1248294411.971 11 1.666 0.334
1248294412.198 11 1.575 0.491
1248294412.882 8 3.405 0.200
1248294413.112 8 3.401 0.198
1248294413.341 7 5.001 0.324
1248294413.571 7 5.090 0.282
1248294413.798 8 3.451 0.056
1248294414.026 11 1.522 0.567
1248294414.258 11 1.554 0.525
1248294414.487 11 1.600 0.463
1248294414.716 11 1.632 0.400
1248294414.947 8 3.379 -0.211
1248294414.947 7 5.277 -0.047
1248294414.947 11 1.651 0.368
1248294415.179 11 1.675 0.316
1248294415.411 11 1.699 0.265
1248294415.644 7 5.182 -0.189
1248294415.644 11 1.717 0.234
1248294415.880 7 5.090 -0.226
1248294415.880 11 1.733 0.189
1248294416.151 11 1.737 0.144
1248294416.382 11 1.745 0.112
1248294416.614 11 1.756 0.056
1248294416.845 11 1.757 0.015
1248294417.078 11 1.753 -0.024
1248294417.310 11 1.759 -0.060
1248294417.547 11 1.754 -0.101
1248294418.014 11 1.764 -0.017
1248294418.484 11 1.747 -0.030
1248294418.718 11 1.743 -0.060
1248294418.953 11 1.739 -0.083
1248294419.187 11 1.739 -0.101
1248294419.653 11 1.736 -0.096
1248294420.123 11 1.727 -0.053
1248294420.360 11 1.720 -0.066
1248294420.593 11 1.715 -0.105
1248294420.828 11 1.716 -0.138
1248294421.064 11 1.716 -0.151
1248294421.297 11 1.717 -0.119
1248294421.529 11 1.728 -0.017
1248294421.758 11 1.722 0.091
1248294421.987 11 1.706 0.202
1248294422.220 11 1.642 0.346
1248294422.452 11 1.644 0.346
1248294422.683 11 1.643 0.343
1248294422.911 11 1.659 0.312
1248294423.139 11 1.681 0.248
1248294423.367 11 1.688 0.222
1248294423.597 11 1.711 0.146
1248294423.827 11 1.723 0.099
1248294424.058 11 1.725 0.048
1248294424.290 11 1.725 0.004
1248294424.522 11 1.722 -0.062
1248294424.756 11 1.729 -0.092
1248294424.990 11 1.711 -0.131
1248294425.224 11 1.708 -0.181
1248294425.460 11 1.699 -0.214
1248294425.695 11 1.682 -0.262
1248294425.951 11 1.673 -0.306
1248294426.234 11 1.656 -0.343
1248294429.299 15 1.859 0.543
1248294429.533 15 1.919 0.444
1248294429.767 15 1.969 0.362
1248294430.001 15 2.007 0.232
1248294430.235 15 2.030 0.155
1248294430.473 15 2.040 0.081
1248294430.707 20 3.741 0.569
1248294430.942 20 3.868 0.490
1248294431.177 20 4.000 0.408
1248294431.412 17 2.786 0.515
1248294431.647 17 2.864 0.429
1248294431.883 20 4.247 0.122
1248294431.883 17 2.941 0.346
1248294432.116 17 3.003 0.222
1248294432.348 17 3.033 0.139
1248294432.581 17 3.065 0.058
1248294432.811 17 3.033 -0.063
1248294433.042 17 3.033 -0.142
1248294433.273 16 3.720 0.437
1248294433.505 16 3.868 0.309
1248294433.737 16 3.897 0.229
1248294433.973 16 3.973 0.141
1248294434.432 13 2.389 0.514
1248294434.675 13 2.469 0.430
1248294434.933 13 2.546 0.302
1248294435.683 13 2.615 0.144
1248294435.909 13 2.616 0.024
1248294436.171 13 2.613 -0.026
1248294436.397 13 2.589 -0.113
1248294436.623 13 2.589 -0.143
1248294436.849 13 2.546 -0.190
1248294437.076 12 1.359 0.531
1248294437.302 12 1.389 0.463
1248294437.757 10 2.567 0.496
1248294437.985 12 1.441 0.332
1248294438.447 12 1.453 0.300
1248294438.447 10 2.647 0.415
1248294438.676 10 2.668 0.388
1248294438.905 10 2.708 0.333
1248294439.135 10 2.718 0.295
1248294439.366 10 2.734 0.278
1248294439.597 12 1.469 0.159
1248294439.597 10 2.739 0.275
1248294439.828 10 2.731 0.271
1248294440.060 10 2.735 0.271
1248294440.292 10 2.713 0.269
1248294440.524 10 2.715 0.271
1248294440.756 10 2.699 0.272
1248294440.987 10 2.716 0.272
1248294441.219 10 2.683 0.273
1248294441.450 10 2.675 0.275
1248294441.681 10 2.667 0.278
1248294441.911 10 2.653 0.278
1248294442.143 10 2.647 0.278
1248294442.375 10 2.641 0.278
1248294442.605 10 2.638 0.278
1248294442.837 10 2.618 0.278
1248294443.068 10 2.616 0.278
1248294443.298 10 2.615 0.280
1248294443.529 10 2.601 0.280
1248294443.760 10 2.598 0.282
1248294443.992 10 2.595 0.283
1248294444.224 10 2.574 0.287
1248294444.455 10 2.565 0.287
1248294444.685 10 2.574 0.278
1248294444.916 12 1.285 0.175
1248294444.916 10 2.560 0.283
1248294445.147 10 2.534 0.292
1248294445.378 10 2.535 0.294
1248294445.610 10 2.526 0.296
1248294445.840 10 2.526 0.297
1248294446.122 10 2.510 0.299
1248294446.352 10 2.496 0.299
1248294446.811 10 2.471 0.299
1248294447.043 10 2.463 0.302
1248294447.497 10 2.484 0.167
1248294447.725 9 3.162 0.526
1248294447.954 10 2.490 0.004
1248294448.185 6 4.833 0.478
1248294448.415 9 3.458 0.244
1248294448.646 6 5.090 0.273
1248294448.877 6 5.238 0.191
1248294449.108 9 3.499 -0.044
1248294449.108 6 5.277 0.065
1248294449.344 9 3.464 -0.129
1248294449.344 6 5.277 -0.019
1248294449.344 7 4.754 0.536
1248294449.577 9 3.418 -0.201
1248294449.577 6 5.277 -0.083
1248294449.577 7 4.833 0.470
1248294449.809 6 5.245 -0.137
1248294449.809 7 4.933 0.416
1248294450.287 6 5.182 -0.187
1248294450.287 7 5.001 0.376
1248294451.026 7 4.933 0.358
1248294451.271 7 4.916 0.351
1248294451.517 7 4.916 0.358
1248294451.760 7 4.958 0.347
1248294452.008 6 5.001 -0.227
1248294452.009 7 4.916 0.351
1248294452.245 6 5.001 -0.216
1248294452.245 7 4.833 0.356
1248294452.481 7 4.916 0.354
1248294452.741 7 4.854 0.329
1248294453.237 7 4.916 0.300
1248294453.469 7 4.916 0.294
1248294453.702 7 4.888 0.297
1248294453.936 7 4.861 0.297
1248294454.170 7 4.833 0.302
1248294454.410 7 4.771 0.302
1248294454.653 7 4.766 0.304
1248294454.899 7 4.780 0.304
1248294455.881 7 4.749 0.313
1248294456.151 7 4.682 0.315
1248294456.859 7 4.683 0.318
1248294457.090 7 4.609 0.316
1248294457.319 7 4.610 0.317
1248294457.550 7 4.602 0.320
1248294457.780 7 4.610 0.320
1248294458.011 7 4.602 0.315
1248294458.242 7 4.530 0.319
1248294458.473 7 4.554 0.323
1248294458.703 7 4.530 0.320
1248294458.933 7 4.460 0.329
1248294459.158 7 4.516 0.329
1248294459.380 7 4.460 0.334
1248294459.826 7 4.460 0.311
1248294460.054 7 4.420 0.309
1248294460.731 7 4.460 0.297
1248294460.961 7 4.452 0.296
1248294461.636 7 4.346 0.320
1248294462.096 7 4.393 0.326
1248294462.799 8 2.604 0.215
1248294462.799 7 4.341 0.324
1248294463.037 8 2.617 0.209
1248294463.038 7 4.327 0.324
1248294463.273 8 2.621 0.214
1248294463.273 7 4.366 0.323
1248294463.514 7 4.334 0.317
1248294464.319 7 4.327 0.312
1248294464.581 7 4.316 0.302
1248294464.818 7 4.327 0.283
1248294465.060 7 4.264 0.298
1248294465.302 7 4.211 0.303
1248294465.562 7 4.217 0.300
1248294466.118 7 4.202 0.291
1248294466.346 8 2.418 0.201
1248294466.575 7 4.142 0.297
1248294466.809 7 4.142 0.290
1248294467.039 7 4.142 0.292
1248294467.268 7 4.142 0.277
1248294467.496 7 4.136 0.274
1248294467.727 7 4.084 0.283
1248294468.643 7 4.015 0.288
1248294468.867 7 3.985 0.285
1248294469.089 7 4.028 0.277
1248294469.534 7 3.973 0.291
1248294469.757 7 4.000 0.287
1248294469.981 7 3.976 0.289
1248294470.204 7 3.981 0.289
1248294470.427 7 3.976 0.289
1248294470.651 7 3.953 0.288
1248294470.875 7 3.985 0.287
1248294471.100 7 3.979 0.289
1248294471.323 7 3.980 0.289
1248294471.546 7 3.980 0.289
1248294471.770 7 3.973 0.288
1248294471.994 7 3.982 0.288
1248294472.217 7 3.980 0.289
1248294472.440 7 3.980 0.289
1248294472.664 7 3.977 0.289
1248294472.891 7 3.973 0.288
1248294473.120 7 3.984 0.288
1248294473.351 7 3.981 0.288
1248294473.579 7 3.983 0.289
1248294473.815 8 2.214 0.191
1248294473.815 7 3.981 0.289
1248294474.051 8 2.215 0.191
1248294474.051 7 3.981 0.289
1248294474.280 8 2.213 0.191
1248294474.280 7 3.986 0.288
1248294474.508 8 2.216 0.191
1248294474.508 7 3.981 0.288
1248294474.736 8 2.215 0.191
1248294474.737 7 3.981 0.289
1248294474.965 8 2.217 0.191
1248294474.965 7 3.973 0.289
1248294475.193 8 2.217 0.191
1248294475.194 7 3.985 0.288
1248294475.421 8 2.215 0.191
1248294475.422 7 3.977 0.289
1248294475.653 8 2.215 0.191
1248294475.654 7 3.976 0.288
1248294475.891 8 2.216 0.191
1248294475.892 7 3.981 0.288
1248294476.623 8 2.186 0.173
1248294476.623 7 3.973 0.271
1248294477.307 7 3.919 0.267
1248294477.535 7 3.919 0.262
1248294477.766 7 3.919 0.258
1248294477.993 7 3.919 0.263
1248294478.448 7 3.868 0.265
1248294478.676 8 2.042 0.172
1248294478.676 7 3.824 0.267
1248294478.905 8 2.063 0.153
1248294479.134 7 3.817 0.246
1248294479.361 7 3.768 0.256
1248294479.589 7 3.776 0.260
1248294480.273 7 3.720 0.258
1248294480.501 7 3.720 0.261
1248294480.730 7 3.720 0.241
1248294480.958 7 3.681 0.246
1248294481.187 7 3.708 0.244
1248294481.415 7 3.669 0.246
1248294481.642 7 3.674 0.239
1248294481.865 7 3.674 0.238
1248294482.086 7 3.635 0.234
1248294482.306 7 3.628 0.222
1248294482.534 8 1.781 0.128
1248294482.534 7 3.620 0.213
1248294482.762 8 1.785 0.131
1248294482.762 7 3.628 0.206
1248294483.669 8 1.740 0.101
1248294483.669 7 3.559 0.193
1248294483.903 8 1.744 0.108
1248294483.903 7 3.586 0.191
1248294484.371 8 1.718 0.121
1248294484.371 7 3.541 0.207
1248294484.605 7 3.539 0.217
1248294485.085 8 1.665 0.126
1248294485.085 7 3.477 0.215
1248294485.317 8 1.656 0.103
1248294485.318 7 3.474 0.207
1248294485.551 8 1.625 0.134
1248294485.551 7 3.460 0.215
1248294485.798 8 1.622 0.106
1248294486.043 7 3.424 0.201
1248294486.283 7 3.392 0.206
1248294486.518 8 1.561 0.117
1248294486.518 7 3.404 0.196
1248294486.756 7 3.385 0.194
1248294487.243 8 1.510 0.108
1248294487.243 7 3.340 0.186
1248294487.478 8 1.500 0.114
1248294487.478 7 3.350 0.194
1248294487.710 7 3.296 0.195
1248294487.940 7 3.303 0.182
1248294488.166 8 1.427 0.188
1248294488.166 7 3.231 0.255
1248294488.394 7 3.166 0.324
1248294488.623 7 3.049 0.430
1248294488.853 7 2.973 0.494
1248294489.082 8 1.280 0.487
1248294489.314 8 1.244 0.546
1248294489.545 6 3.267 -0.175
1248294489.777 6 3.267 -0.103
1248294490.006 6 3.281 -0.050
1248294490.232 6 3.267 0.032
1248294490.457 6 3.241 0.091
1248294490.684 6 3.231 0.125
1248294490.914 6 3.201 0.167
1248294491.158 6 3.162 0.229
1248294491.624 6 3.126 0.251
1248294491.873 6 3.134 0.251
1248294492.106 6 3.133 0.251
1248294492.338 6 3.114 0.251
1248294492.571 6 3.119 0.251
1248294492.803 6 3.137 0.251
1248294493.036 6 3.137 0.251
1248294493.268 6 3.134 0.251
1248294493.501 6 3.114 0.251
1248294493.733 6 3.126 0.251
1248294493.965 6 3.123 0.251
1248294494.201 9 1.659 -0.221
1248294494.201 6 3.131 0.251
1248294494.435 9 1.658 -0.222
1248294494.435 6 3.131 0.251
1248294494.669 9 1.656 -0.223
1248294494.669 6 3.131 0.251
1248294494.904 9 1.665 -0.219
1248294494.904 6 3.125 0.251
1248294495.138 9 1.669 -0.216
1248294495.138 6 3.128 0.251
1248294495.372 9 1.659 -0.222
1248294495.372 6 3.122 0.251
1248294495.607 9 1.662 -0.221
1248294495.608 6 3.133 0.251
1248294495.841 9 1.669 -0.215
1248294495.842 6 3.130 0.251
1248294496.499 6 3.131 0.251
1248294496.742 6 3.130 0.251
1248294496.974 9 1.658 -0.244
1248294496.974 6 3.131 0.251
1248294497.208 9 1.660 -0.244
1248294497.208 6 3.129 0.251
1248294497.440 9 1.656 -0.222
1248294497.440 6 3.129 0.251
1248294497.673 9 1.665 -0.217
1248294497.673 6 3.118 0.251
1248294497.909 9 1.661 -0.242
1248294497.909 6 3.126 0.251
1248294498.141 9 1.660 -0.220
1248294498.141 6 3.128 0.251
1248294498.374 9 1.653 -0.242
1248294498.374 6 3.131 0.251
1248294498.608 9 1.660 -0.218
1248294498.608 6 3.125 0.251
1248294498.840 9 1.656 -0.269
1248294498.841 6 3.125 0.251
1248294499.073 9 1.661 -0.218
1248294499.073 6 3.133 0.251
1248294499.307 9 1.665 -0.241
1248294499.308 6 3.130 0.251
1248294499.540 9 1.668 -0.239
1248294499.540 6 3.125 0.251
1248294499.773 9 1.659 -0.221
1248294499.773 6 3.128 0.251
1248294500.006 9 1.673 -0.211
1248294500.006 6 3.128 0.251
1248294500.239 9 1.661 -0.218
1248294500.239 6 3.131 0.251
1248294500.471 9 1.658 -0.222
1248294500.472 6 3.129 0.251
1248294500.705 9 1.665 -0.219
1248294500.705 6 3.125 0.251
1248294500.940 9 1.656 -0.224
1248294500.940 6 3.124 0.251
1248294501.173 9 1.668 -0.240
1248294501.173 6 3.126 0.251
1248294501.406 9 1.648 -0.230
1248294501.407 6 3.125 0.251
1248294501.639 9 1.665 -0.220
1248294501.639 6 3.126 0.251
1248294501.872 9 1.669 -0.216
1248294501.872 6 3.129 0.251
1248294502.106 9 1.665 -0.217
1248294502.106 6 3.124 0.251
1248294502.338 9 1.656 -0.225
1248294502.338 6 3.129 0.250
1248294502.571 9 1.656 -0.224
1248294502.571 6 3.125 0.251
1248294502.804 9 1.656 -0.223
1248294502.804 6 3.126 0.251
1248294503.037 9 1.665 -0.219
1248294503.037 6 3.129 0.251
1248294503.270 9 1.660 -0.221
1248294503.270 6 3.128 0.251
1248294503.503 9 1.656 -0.224
1248294503.503 6 3.124 0.251
1248294503.736 9 1.665 -0.219
1248294503.736 6 3.128 0.251
1248294503.969 9 1.660 -0.222
1248294503.969 6 3.125 0.251
1248294504.202 9 1.669 -0.216
1248294504.202 6 3.125 0.251
1248294504.435 9 1.673 -0.214
1248294504.435 6 3.125 0.251
1248294504.667 9 1.656 -0.224
1248294504.667 6 3.126 0.251
1248294504.900 9 1.665 -0.219
1248294504.900 6 3.118 0.251
1248294505.133 9 1.663 -0.219
1248294505.133 6 3.125 0.251
1248294505.365 9 1.665 -0.219
1248294505.365 6 3.128 0.251
1248294505.598 9 1.655 -0.241
1248294505.598 6 3.125 0.251
1248294505.831 9 1.665 -0.219
1248294505.831 6 3.122 0.251
1248294506.066 6 3.119 0.251
1248294506.299 9 1.656 -0.224
1248294506.299 6 3.122 0.251
1248294506.532 9 1.660 -0.221
1248294506.532 6 3.125 0.251
1248294506.765 9 1.656 -0.225
1248294506.765 6 3.122 0.251
1248294506.997 9 1.659 -0.221
1248294506.998 6 3.123 0.251
1248294507.636 6 3.125 0.251
1248294507.865 6 3.123 0.251
1248294508.095 6 3.123 0.251
1248294508.324 6 3.120 0.251
1248294508.553 6 3.123 0.251
1248294508.782 6 3.117 0.251
1248294509.012 6 3.123 0.251
1248294509.241 6 3.122 0.251
1248294509.470 6 3.117 0.251
1248294509.700 6 3.119 0.251
1248294509.929 6 3.122 0.251
1248294510.158 6 3.119 0.251
1248294510.387 6 3.129 0.251
1248294510.617 6 3.117 0.251
1248294510.846 6 3.122 0.251
1248294511.077 6 3.119 0.251
1248294511.307 6 3.118 0.251
1248294511.536 6 3.117 0.251
1248294511.765 6 3.123 0.251
1248294511.995 6 3.114 0.251
1248294512.224 6 3.116 0.251
1248294512.456 6 3.124 0.251
1248294512.685 6 3.116 0.251
1248294512.915 6 3.116 0.251
1248294513.144 6 3.117 0.251
1248294513.373 6 3.120 0.251
1248294513.602 6 3.113 0.251
1248294513.831 6 3.122 0.251
1248294514.061 6 3.124 0.251
1248294514.291 6 3.119 0.250
1248294514.520 6 3.120 0.251
1248294514.750 6 3.117 0.250
1248294514.979 6 3.118 0.251
1248294515.208 6 3.116 0.251
1248294515.438 6 3.114 0.250
1248294515.667 6 3.113 0.251
1248294515.916 6 3.118 0.251
1248294516.147 6 3.120 0.251
1248294516.376 6 3.116 0.251
1248294516.605 6 3.123 0.251
1248294516.834 6 3.125 0.251
1248294517.063 6 3.119 0.251
1248294517.292 6 3.120 0.251
1248294517.522 6 3.118 0.251
1248294517.751 6 3.117 0.251
1248294517.980 6 3.118 0.251
1248294518.720 6 3.122 0.251
1248294518.949 6 3.114 0.251
1248294519.181 6 3.114 0.251
1248294519.413 6 3.118 0.251
1248294519.642 6 3.122 0.251
1248294519.872 6 3.113 0.251
1248294520.101 6 3.117 0.251
1248294520.330 6 3.116 0.251
1248294520.559 6 3.116 0.251
1248294520.789 6 3.116 0.251
1248294521.020 6 3.118 0.251
1248294521.249 6 3.119 0.251
1248294521.478 6 3.117 0.251
1248294521.709 6 3.113 0.251
1248294521.938 6 3.116 0.251
1248294522.168 6 3.120 0.251
1248294522.397 6 3.119 0.251
1248294522.626 6 3.119 0.251
1248294522.856 6 3.116 0.251
1248294523.085 6 3.119 0.251
1248294523.315 6 3.117 0.251
1248294523.544 6 3.118 0.251
1248294523.773 6 3.118 0.251
1248294524.002 6 3.119 0.251
1248294524.232 6 3.120 0.251
1248294524.461 6 3.119 0.251
1248294524.690 6 3.122 0.251
1248294524.920 6 3.117 0.251
1248294525.149 6 3.117 0.251
1248294525.378 6 3.119 0.251
1248294525.608 6 3.119 0.251
1248294525.837 6 3.113 0.251
1248294526.068 6 3.119 0.251
1248294526.297 6 3.124 0.251
1248294526.526 6 3.117 0.251
1248294526.756 6 3.123 0.251
1248294526.985 6 3.114 0.251
1248294527.214 6 3.118 0.251
1248294527.444 6 3.118 0.251
1248294527.673 6 3.119 0.251
1248294527.903 9 1.660 -0.220
1248294527.903 6 3.118 0.251
1248294528.132 6 3.120 0.251
1248294528.361 6 3.117 0.251
1248294528.590 6 3.118 0.251
1248294528.820 6 3.122 0.251
1248294529.049 6 3.117 0.251
1248294529.886 6 3.117 0.251
1248294530.116 6 3.116 0.251
1248294530.345 6 3.120 0.251
1248294530.574 6 3.116 0.251
1248294530.803 6 3.117 0.251
1248294531.034 6 3.116 0.251
1248294531.263 6 3.114 0.251
1248294531.492 6 3.114 0.251
1248294531.722 6 3.116 0.251
1248294531.951 6 3.122 0.251
1248294532.180 6 3.118 0.251
1248294532.409 6 3.123 0.251
1248294532.639 6 3.118 0.251
1248294532.868 6 3.113 0.251
1248294533.097 6 3.116 0.251
1248294533.326 6 3.116 0.251
1248294533.556 6 3.118 0.251
1248294533.785 6 3.119 0.251
1248294534.015 6 3.117 0.251
1248294534.245 6 3.114 0.251
1248294534.474 6 3.120 0.251
1248294534.703 6 3.116 0.251
1248294534.932 6 3.116 0.251
1248294535.162 6 3.119 0.251
1248294535.391 6 3.114 0.251
1248294535.620 6 3.118 0.251
1248294535.849 6 3.114 0.251
1248294536.080 6 3.118 0.251
1248294536.309 6 3.119 0.251
1248294536.539 6 3.117 0.251
1248294536.768 6 3.118 0.251
1248294536.997 6 3.118 0.251
1248294537.227 6 3.114 0.251
1248294537.456 6 3.118 0.251
1248294537.685 6 3.113 0.251
1248294537.914 6 3.114 0.251
1248294538.144 6 3.114 0.251
1248294538.373 6 3.117 0.251
1248294538.602 6 3.114 0.251
1248294538.832 6 3.117 0.251
1248294539.064 6 3.117 0.251
1248294539.295 6 3.116 0.251
1248294539.524 6 3.117 0.251
1248294539.754 6 3.113 0.251
1248294539.984 6 3.118 0.251
1248294540.476 6 3.113 0.251
1248294540.706 6 3.114 0.251
1248294540.935 6 3.116 0.251
1248294541.167 6 3.116 0.251
1248294541.396 6 3.118 0.251
1248294541.626 6 3.113 0.251
1248294541.855 6 3.118 0.251
1248294542.085 6 3.114 0.251
1248294542.314 6 3.114 0.251
1248294542.543 6 3.114 0.251
1248294542.773 6 3.115 0.250
1248294543.002 6 3.118 0.251
1248294543.232 6 3.116 0.251
1248294543.461 6 3.114 0.251
1248294543.690 6 3.118 0.251
1248294543.920 6 3.116 0.251
1248294544.149 6 3.113 0.251
1248294544.379 6 3.114 0.251
1248294544.608 6 3.118 0.251
1248294544.837 6 3.117 0.251
1248294545.067 6 3.116 0.251
1248294545.296 6 3.119 0.251
1248294545.525 6 3.116 0.251
1248294545.767 9 1.658 -0.222
1248294545.767 6 3.117 0.251
1248294546.000 6 3.119 0.251
1248294546.231 6 3.114 0.251
1248294546.460 6 3.114 0.251
1248294546.689 6 3.120 0.251
1248294546.919 6 3.116 0.251
1248294547.148 6 3.117 0.251
1248294547.377 6 3.114 0.251
1248294547.607 6 3.119 0.251
1248294547.836 6 3.114 0.251
1248294548.065 6 3.116 0.251
1248294548.295 6 3.114 0.251
1248294548.524 6 3.116 0.251
1248294548.753 6 3.114 0.251
1248294548.983 6 3.113 0.251
1248294549.212 6 3.117 0.251
1248294549.442 6 3.118 0.251
1248294549.671 6 3.119 0.251
1248294549.900 6 3.117 0.251
1248294550.130 6 3.114 0.251
1248294550.359 6 3.114 0.251
1248294550.588 6 3.114 0.251
1248294550.818 6 3.116 0.251
1248294551.049 6 3.113 0.251
1248294551.614 6 3.117 0.251
1248294551.843 6 3.120 0.251
1248294552.073 6 3.117 0.251
1248294552.302 6 3.117 0.251
1248294552.531 6 3.114 0.251
1248294552.761 6 3.114 0.251
1248294552.990 6 3.117 0.251
1248294553.220 6 3.117 0.251
1248294553.449 6 3.114 0.251
1248294553.678 6 3.113 0.250
1248294553.907 6 3.117 0.251
1248294554.142 6 3.116 0.251
1248294554.373 6 3.114 0.251
1248294554.605 6 3.116 0.251
1248294554.834 6 3.119 0.251
1248294555.063 6 3.114 0.251
1248294555.293 6 3.113 0.251
1248294555.522 6 3.114 0.251
1248294555.751 6 3.116 0.251
1248294555.980 6 3.116 0.251
1248294556.212 6 3.117 0.251
1248294556.442 6 3.114 0.251
1248294556.671 6 3.114 0.251
1248294556.900 6 3.116 0.251
1248294557.130 6 3.116 0.251
1248294557.359 6 3.116 0.251
1248294557.588 6 3.114 0.251
1248294557.818 6 3.116 0.251
1248294558.047 6 3.114 0.251
1248294558.277 6 3.114 0.251
1248294558.506 6 3.116 0.251
1248294558.735 6 3.117 0.251
1248294558.965 6 3.116 0.251
1248294559.194 6 3.116 0.251
1248294559.424 6 3.116 0.251
1248294559.653 6 3.116 0.251
1248294559.882 6 3.114 0.251
1248294560.111 6 3.116 0.251
1248294560.341 6 3.114 0.251
1248294560.570 6 3.114 0.251
1248294560.799 6 3.116 0.251
1248294561.028 6 3.114 0.251
1248294561.259 6 3.114 0.251
1248294561.488 6 3.114 0.251
1248294561.718 6 3.114 0.251
1248294561.947 6 3.116 0.251
1248294562.557 6 3.113 0.251
1248294562.786 6 3.114 0.251
1248294563.015 6 3.117 0.251
1248294563.245 6 3.116 0.251
1248294563.474 6 3.114 0.251
1248294563.704 6 3.118 0.251
1248294563.933 6 3.116 0.251
1248294564.163 6 3.114 0.251
1248294564.392 6 3.117 0.251
1248294564.622 6 3.116 0.251
1248294564.851 6 3.116 0.251
1248294565.081 6 3.114 0.251
1248294565.310 6 3.114 0.251
1248294565.540 6 3.114 0.251
1248294565.769 6 3.117 0.251
1248294565.998 6 3.116 0.251
1248294566.230 6 3.117 0.251
1248294566.460 6 3.115 0.250
1248294566.689 6 3.114 0.251
1248294566.918 6 3.114 0.251
1248294567.147 6 3.116 0.251
1248294567.376 6 3.116 0.251
1248294567.606 6 3.117 0.251
1248294567.835 6 3.116 0.251
1248294568.065 6 3.118 0.251
1248294568.294 6 3.116 0.251
1248294568.523 6 3.116 0.251
1248294568.753 6 3.114 0.251
1248294568.982 6 3.114 0.251
1248294569.212 6 3.113 0.251
1248294569.441 6 3.116 0.251
1248294569.670 6 3.117 0.251
1248294569.900 6 3.117 0.251
1248294570.130 6 3.117 0.251
1248294570.359 6 3.116 0.251
1248294570.588 6 3.117 0.251
1248294570.818 6 3.116 0.251
1248294571.047 6 3.114 0.251
1248294571.277 6 3.114 0.251
1248294571.506 6 3.117 0.251
1248294571.736 6 3.116 0.251
1248294571.965 6 3.114 0.251
1248294572.194 6 3.116 0.251
1248294572.424 6 3.116 0.251
1248294572.653 6 3.117 0.251
1248294572.882 6 3.116 0.251
1248294573.576 6 3.116 0.251
1248294573.806 6 3.114 0.251
1248294574.035 6 3.116 0.251
1248294574.266 6 3.116 0.251
1248294574.495 6 3.116 0.251
1248294574.724 6 3.116 0.251
1248294574.953 6 3.116 0.251
1248294575.182 6 3.116 0.251
1248294575.412 6 3.116 0.251
1248294575.641 6 3.114 0.251
1248294575.892 9 1.658 -0.222
1248294575.892 6 3.117 0.251
1248294576.129 9 1.656 -0.239
1248294576.129 6 3.116 0.251
1248294576.367 9 1.658 -0.223
1248294576.367 6 3.116 0.251
1248294576.604 9 1.656 -0.224
1248294576.604 6 3.116 0.251
1248294576.843 9 1.663 -0.219
1248294576.843 6 3.117 0.251
1248294577.080 9 1.665 -0.217
1248294577.080 6 3.116 0.251
1248294577.317 9 1.661 -0.220
1248294577.317 6 3.117 0.251
1248294577.555 9 1.665 -0.219
1248294577.555 6 3.114 0.251
1248294577.785 6 3.116 0.251
1248294578.015 6 3.117 0.251
1248294578.244 6 3.116 0.251
1248294578.474 6 3.116 0.251
1248294578.703 6 3.116 0.251
1248294578.932 6 3.116 0.251
1248294579.162 6 3.116 0.251
1248294579.391 6 3.116 0.251
1248294579.621 6 3.116 0.251
1248294579.850 6 3.116 0.251
1248294580.079 6 3.116 0.251
1248294580.308 6 3.117 0.251
1248294580.538 6 3.116 0.251
1248294580.769 6 3.116 0.251
1248294580.999 6 3.114 0.251
1248294581.228 6 3.117 0.251
1248294581.457 6 3.115 0.250
1248294581.686 6 3.117 0.251
1248294581.939 9 1.669 -0.215
1248294581.939 6 3.118 0.251
1248294582.184 9 1.657 -0.224
1248294582.184 6 3.117 0.251
1248294582.430 9 1.665 -0.219
1248294582.430 6 3.114 0.251
1248294582.677 9 1.659 -0.222
1248294582.677 6 3.116 0.250
1248294582.923 9 1.662 -0.219
1248294582.923 6 3.116 0.251
1248294583.160 9 1.665 -0.219
1248294583.160 6 3.116 0.251
1248294583.396 9 1.663 -0.219
1248294583.396 6 3.116 0.251
1248294583.631 9 1.662 -0.218
1248294583.632 6 3.118 0.251
1248294583.867 9 1.669 -0.215
1248294583.868 6 3.117 0.251
1248294584.157 6 3.116 0.251
1248294584.401 9 1.660 -0.219
1248294584.401 6 3.116 0.251
1248294584.672 6 3.116 0.251
1248294584.907 6 3.116 0.251
1248294585.140 6 3.116 0.251
1248294585.372 6 3.116 0.251
1248294585.604 6 3.116 0.251
1248294585.846 6 3.114 0.251
1248294586.079 6 3.116 0.251
1248294586.311 6 3.117 0.251
1248294586.544 6 3.117 0.251
1248294586.889 9 1.656 -0.224
1248294586.889 6 3.118 0.251
1248294587.253 9 1.660 -0.241
1248294587.253 6 3.114 0.251
1248294587.575 9 1.668 -0.216
1248294587.575 6 3.116 0.251
1248294587.833 9 1.669 -0.215
1248294587.833 6 3.116 0.251
1248294588.067 9 1.660 -0.220
1248294588.067 6 3.116 0.251
1248294588.301 9 1.660 -0.244
1248294588.301 6 3.117 0.251
1248294588.535 9 1.663 -0.217
1248294588.535 6 3.117 0.251
1248294588.769 9 1.663 -0.217
1248294588.770 6 3.116 0.251
1248294589.004 9 1.655 -0.226
1248294589.004 6 3.114 0.251
1248294589.241 9 1.658 -0.221
1248294589.242 6 3.117 0.251
1248294589.479 9 1.656 -0.224
1248294589.479 6 3.116 0.250
1248294589.714 9 1.660 -0.223
1248294589.715 6 3.117 0.251
1248294589.949 9 1.660 -0.222
1248294589.950 6 3.116 0.251
1248294590.184 9 1.656 -0.226
1248294590.184 6 3.116 0.251
1248294590.418 9 1.655 -0.241
1248294590.418 6 3.114 0.251
1248294590.653 9 1.663 -0.217
1248294590.653 6 3.117 0.251
1248294590.887 9 1.652 -0.227
1248294590.888 6 3.116 0.251
1248294591.122 9 1.656 -0.226
1248294591.122 6 3.116 0.251
1248294591.357 6 3.117 0.251
1248294591.591 9 1.658 -0.222
1248294591.591 6 3.116 0.251
1248294591.828 9 1.662 -0.217
1248294591.828 6 3.116 0.251
1248294592.063 9 1.660 -0.220
1248294592.063 6 3.117 0.251
1248294592.297 9 1.665 -0.216
1248294592.297 6 3.116 0.251
1248294592.531 9 1.659 -0.221
1248294592.531 6 3.117 0.251
1248294592.765 9 1.661 -0.219
1248294592.765 6 3.117 0.251
1248294592.999 9 1.665 -0.219
1248294592.999 6 3.116 0.251
1248294593.233 9 1.669 -0.215
1248294593.233 6 3.116 0.251
1248294593.467 9 1.658 -0.222
1248294593.468 6 3.116 0.251
1248294593.702 9 1.659 -0.243
1248294593.702 6 3.116 0.251
1248294593.936 9 1.652 -0.225
1248294593.936 6 3.116 0.251
1248294594.179 6 3.117 0.251
1248294594.411 6 3.116 0.251
1248294594.645 6 3.116 0.251
1248294594.877 6 3.116 0.251
1248294595.110 6 3.117 0.251
1248294595.343 6 3.117 0.251
1248294595.576 6 3.116 0.251
1248294595.808 6 3.116 0.251
1248294596.041 6 3.117 0.251
1248294596.273 6 3.116 0.251
1248294596.506 6 3.116 0.251
1248294596.738 6 3.115 0.250
1248294596.980 6 3.117 0.251
1248294597.213 6 3.118 0.251
1248294597.446 6 3.117 0.251
1248294597.678 6 3.116 0.251
1248294597.910 6 3.117 0.251
1248294598.143 6 3.117 0.251
1248294598.376 6 3.117 0.251
1248294598.608 6 3.117 0.251
1248294598.841 6 3.116 0.251
1248294599.073 6 3.116 0.251
1248294599.309 6 3.115 0.250
1248294599.541 6 3.116 0.251
1248294599.776 6 3.117 0.251
1248294600.010 6 3.116 0.250
1248294600.245 6 3.117 0.251
1248294600.484 9 1.658 -0.244
1248294600.484 6 3.116 0.251
1248294600.720 9 1.654 -0.224
1248294600.720 6 3.117 0.251
1248294600.968 6 3.118 0.251
1248294601.281 9 1.673 -0.214
1248294601.282 6 3.117 0.251
1248294601.659 9 1.663 -0.219
1248294601.659 6 3.117 0.251
1248294602.183 6 3.116 0.251
1248294602.489 6 3.117 0.251
1248294602.718 6 3.117 0.251
1248294602.948 6 3.115 0.250
1248294603.178 6 3.116 0.250
1248294603.407 6 3.116 0.251
1248294603.648 6 3.116 0.251
1248294603.884 6 3.116 0.251
1248294604.154 6 3.121 0.252
1248294604.625 6 3.121 0.253
1248294605.093 6 3.070 0.254
1248294605.328 6 3.068 0.253
1248294605.563 6 3.029 0.253
1248294605.805 6 3.016 0.255
1248294606.040 6 3.005 0.256
1248294606.275 6 3.006 0.258
1248294606.510 6 2.977 0.261
1248294606.746 6 2.944 0.253
1248294606.980 6 2.937 0.267
1248294607.215 6 2.929 0.263
1248294607.451 6 2.899 0.268
1248294607.920 6 2.891 0.271
1248294608.155 6 2.889 0.272
1248294608.390 6 2.863 0.272
1248294608.626 6 2.834 0.272
1248294608.861 6 2.831 0.273
1248294609.096 6 2.787 0.279
1248294609.331 6 2.794 0.280
1248294609.566 6 2.762 0.281
1248294610.034 6 2.733 0.288
1248294610.270 6 2.718 0.290
1248294610.504 6 2.701 0.289
1248294610.739 6 2.677 0.292
1248294610.972 6 2.663 0.293
1248294611.203 6 2.689 0.234
1248294611.436 6 2.709 0.164
1248294611.893 6 2.714 -0.027
1248294612.122 6 2.682 -0.100
1248294612.460 6 2.675 -0.150
1248294627.033 7 2.050 0.530
1248294627.495 7 2.013 0.534
1248294627.949 7 2.032 0.487
1248294628.405 7 2.035 0.458
1248294628.635 7 2.029 0.461
1248294628.864 7 2.010 0.468
1248294629.552 7 2.026 0.387
1248294629.782 7 2.017 0.387
1248294630.011 7 1.998 0.390
1248294630.697 7 2.011 0.300
1248294631.155 7 1.982 0.302
1248294631.612 7 1.960 0.277
1248294632.073 7 1.976 0.232
1248294632.305 7 1.944 0.230
1248294632.534 7 1.943 0.240
1248294632.762 7 1.937 0.197
1248294633.222 7 1.907 0.139
1248294633.453 7 1.908 0.140
1248294633.681 7 1.892 0.141
1248294634.189 7 1.872 0.060
1248294634.421 7 1.849 0.060
1248294634.653 7 1.843 0.059
1248294634.882 7 1.816 0.061
1248294635.112 7 1.814 0.005
1248294635.575 7 1.788 -0.023
1248294635.821 7 1.771 -0.032
1248294636.051 7 1.744 -0.024
1248294636.517 7 1.707 -0.127
1248294636.751 7 1.689 -0.129
1248294636.985 7 1.670 -0.127
1248294637.453 7 1.625 -0.173
1248294637.688 7 1.616 -0.210
1248294638.156 7 1.598 -0.210
1248294638.389 7 1.562 -0.231
1248294638.859 7 1.531 -0.300
1248294639.571 7 1.484 -0.314
