1248446191.236 13 3.868 0.490
1248446192.855 6 6.329 0.383
1248446192.855 8 6.329 0.427
1248446193.121 8 6.191 0.433
1248446193.355 6 6.329 0.383
1248446193.355 8 6.191 0.433
1248446193.588 8 6.191 0.433
1248446193.838 8 6.282 0.434
1248446194.067 8 6.214 0.433
1248446194.295 6 6.329 0.385
1248446194.446 6 6.329 0.385
1248446194.599 6 6.329 0.385
1248446195.673 7 6.329 0.399
1248446195.673 8 6.191 0.426
1248446195.915 6 6.191 0.382
1248446195.916 7 6.329 0.403
1248446195.916 8 6.191 0.433
1248446196.850 7 6.191 0.411
1248446196.850 8 6.191 0.437
1248446198.620 8 6.191 0.416
1248446198.851 7 6.191 0.388
1248446199.081 7 6.191 0.389
1248446199.311 7 6.191 0.389
1248446199.550 8 6.191 0.416
1248446199.788 6 6.191 0.357
1248446199.788 8 6.191 0.409
1248446200.017 6 6.191 0.364
1248446200.018 7 6.191 0.381
1248446200.018 8 6.191 0.416
1248446200.246 6 6.191 0.358
1248446200.247 7 6.191 0.381
1248446200.247 8 6.191 0.416
1248446200.930 8 6.191 0.400
1248446201.645 8 6.191 0.391
1248446201.875 8 6.191 0.395
1248446202.104 8 6.191 0.395
1248446202.343 8 6.191 0.395
1248446202.589 8 6.191 0.395
1248446203.048 8 6.191 0.397
1248446203.383 8 6.060 0.396
1248446203.873 7 6.191 0.385
1248446204.111 6 6.060 0.368
1248446204.111 7 6.191 0.389
1248446204.111 8 6.060 0.416
1248446204.816 8 6.191 0.327
1248446205.051 6 6.191 0.228
1248446205.523 6 6.329 0.113
1248446205.523 7 6.329 0.137
1248446205.759 11 3.720 0.517
1248446205.759 13 3.474 0.538
1248446205.997 6 6.329 0.062
1248446205.997 7 6.343 0.086
1248446205.997 9 5.585 0.442
1248446205.997 11 3.720 0.502
1248446205.997 13 3.455 0.535
1248446206.236 8 6.329 0.108
1248446206.236 13 3.450 0.525
1248446206.466 6 6.329 0.055
1248446206.467 7 6.329 0.080
1248446206.467 8 6.329 0.102
1248446206.467 9 5.514 0.439
1248446206.467 11 3.720 0.500
1248446206.467 13 3.462 0.528
1248446206.695 8 6.329 0.113
1248446206.695 9 5.479 0.440
1248446206.695 11 3.651 0.510
1248446206.695 13 3.393 0.539
1248446206.928 13 3.458 0.529
1248446207.167 6 6.191 0.055
1248446207.167 8 6.311 0.110
1248446207.167 9 5.479 0.441
1248446207.168 11 3.632 0.510
1248446207.168 13 3.370 0.539
1248446207.405 6 6.191 0.064
1248446207.405 7 6.329 0.089
1248446207.405 8 6.329 0.126
1248446207.405 9 5.479 0.448
1248446207.406 12 3.541 0.477
1248446207.406 11 3.674 0.515
1248446207.406 13 3.379 0.549
1248446207.644 8 6.287 0.119
1248446207.644 9 5.479 0.455
1248446207.644 12 3.541 0.479
1248446207.644 11 3.603 0.521
1248446207.644 13 3.352 0.551
1248446207.882 6 6.191 0.064
1248446207.882 7 6.329 0.089
1248446207.882 8 6.329 0.111
1248446207.883 9 5.479 0.448
1248446207.883 12 3.541 0.478
1248446207.883 11 3.614 0.520
1248446207.883 13 3.334 0.552
1248446208.356 8 6.191 0.120
1248446208.356 9 5.376 0.459
1248446208.356 12 3.499 0.493
1248446208.356 11 3.569 0.527
1248446208.356 13 3.311 0.557
1248446208.827 8 6.191 0.124
1248446208.828 11 3.541 0.528
1248446208.828 13 3.340 0.558
1248446209.057 13 3.267 0.560
1248446209.554 6 6.060 0.066
1248446209.554 7 6.191 0.092
1248446209.554 8 6.191 0.114
1248446209.554 9 5.376 0.460
1248446209.555 12 3.458 0.482
1248446209.555 11 3.505 0.537
1248446209.555 13 3.234 0.564
1248446210.289 8 5.933 0.278
1248446211.237 6 5.697 0.324
1248446211.237 7 5.813 0.349
1248446211.237 8 5.697 0.380
1248446211.474 8 5.697 0.391
1248446211.710 7 5.813 0.371
1248446211.710 8 5.585 0.410
1248446212.416 6 5.585 0.347
1248446212.417 8 5.585 0.403
1248446212.651 6 5.585 0.351
1248446212.651 7 5.697 0.373
1248446212.651 8 5.585 0.407
1248446213.128 6 5.585 0.346
1248446213.128 7 5.697 0.372
1248446213.129 8 5.585 0.402
1248446213.642 8 5.566 0.407
1248446213.902 8 5.549 0.411
1248446214.442 6 5.479 0.355
1248446214.442 8 5.479 0.411
1248446214.702 6 5.479 0.347
1248446214.702 7 5.479 0.374
1248446214.702 8 5.479 0.404
1248446215.426 7 5.479 0.363
1248446215.669 6 5.376 0.344
1248446215.670 7 5.479 0.369
1248446215.670 8 5.376 0.400
1248446215.905 6 5.440 0.337
1248446215.905 7 5.479 0.357
1248446215.905 8 5.410 0.393
1248446216.142 8 5.376 0.405
1248446216.377 8 5.376 0.409
1248446216.613 8 5.376 0.402
1248446216.842 8 5.376 0.396
1248446217.307 6 5.376 0.327
1248446217.307 8 5.376 0.387
1248446218.248 8 5.293 0.391
1248446218.951 8 5.277 0.381
1248446219.187 8 5.277 0.384
1248446219.428 6 5.267 0.320
1248446219.428 7 5.277 0.347
1248446219.429 8 5.267 0.381
1248446219.670 6 5.195 0.328
1248446219.670 7 5.277 0.356
1248446219.670 8 5.182 0.383
1248446219.908 6 5.182 0.326
1248446219.908 7 5.277 0.353
1248446219.908 8 5.182 0.388
1248446220.382 6 5.182 0.326
1248446220.382 7 5.262 0.353
1248446220.382 8 5.135 0.385
1248446221.341 6 5.030 0.323
1248446221.342 7 5.182 0.351
1248446221.342 8 5.090 0.379
1248446221.579 6 5.090 0.320
1248446221.579 7 5.173 0.347
1248446221.579 8 5.090 0.382
1248446221.816 6 5.076 0.309
1248446221.816 7 5.173 0.337
1248446221.816 8 5.090 0.373
1248446222.051 6 5.090 0.303
1248446222.052 7 5.182 0.330
1248446222.285 6 5.067 0.312
1248446222.285 7 5.090 0.334
1248446222.285 8 5.001 0.377
1248446222.521 6 5.071 0.317
1248446222.522 7 5.124 0.341
1248446222.522 8 5.030 0.374
1248446222.757 6 5.001 0.312
1248446222.758 7 5.097 0.340
1248446222.758 8 5.001 0.378
1248446222.992 6 4.965 0.305
1248446222.993 7 5.030 0.333
1248446222.993 8 5.001 0.362
1248446223.229 6 5.001 0.293
1248446223.230 7 5.090 0.322
1248446223.230 8 5.001 0.357
1248446223.459 6 5.001 0.294
1248446223.459 7 5.090 0.321
1248446223.686 6 5.001 0.281
1248446223.686 7 5.090 0.303
1248446223.686 8 5.001 0.339
1248446223.917 6 5.001 0.288
1248446223.917 7 5.090 0.317
1248446223.917 8 4.980 0.353
1248446224.149 6 4.986 0.292
1248446224.149 7 5.052 0.322
1248446224.149 8 4.916 0.359
1248446224.383 6 4.922 0.288
1248446224.383 8 4.916 0.351
1248446224.856 6 4.916 0.295
1248446224.857 7 5.008 0.323
1248446224.857 8 4.916 0.357
1248446225.091 6 4.892 0.300
1248446225.092 7 5.001 0.323
1248446225.092 8 4.916 0.367
1248446225.325 6 4.833 0.303
1248446225.325 7 4.935 0.330
1248446225.325 8 4.916 0.362
1248446225.561 6 4.916 0.295
1248446225.562 7 5.001 0.324
1248446225.562 8 4.916 0.353
1248446225.802 6 4.902 0.295
1248446225.802 7 4.937 0.323
1248446225.802 8 4.844 0.361
1248446226.278 8 4.833 0.361
1248446226.750 8 4.833 0.351
1248446226.986 8 4.833 0.342
1248446227.222 6 4.833 0.281
1248446227.707 6 4.754 0.288
1248446227.707 7 4.868 0.314
1248446227.707 8 4.823 0.354
1248446227.947 6 4.738 0.279
1248446227.948 7 4.833 0.302
1248446227.948 8 4.754 0.351
1248446228.189 6 4.749 0.275
1248446228.189 7 4.833 0.296
1248446228.189 8 4.754 0.343
1248446228.432 8 4.754 0.335
1248446228.679 8 4.696 0.343
1248446228.923 7 4.828 0.303
1248446228.923 8 4.715 0.342
1248446229.166 8 4.723 0.340
1248446229.400 7 4.754 0.302
1248446229.653 6 4.616 0.277
1248446229.653 8 4.658 0.339
1248446229.897 8 4.667 0.331
1248446230.386 8 4.677 0.314
1248446230.871 8 4.573 0.335
1248446231.116 7 4.677 0.289
1248446231.853 7 4.611 0.277
1248446232.098 8 4.530 0.320
1248446232.343 7 4.602 0.284
1248446232.584 8 4.460 0.319
1248446232.830 8 4.460 0.314
1248446233.169 7 4.543 0.272
1248446233.413 8 4.460 0.322
1248446233.655 8 4.438 0.307
1248446233.908 7 4.483 0.263
1248446234.378 8 4.393 0.299
1248446234.850 7 4.393 0.272
1248446235.086 7 4.393 0.277
1248446235.086 8 4.327 0.317
1248446235.559 6 4.269 0.230
1248446235.560 7 4.387 0.264
1248446235.560 8 4.322 0.305
1248446235.797 6 4.264 0.221
1248446236.031 8 4.311 0.290
1248446236.499 8 4.327 0.281
1248446237.206 8 4.264 0.286
1248446237.444 8 4.264 0.278
1248446237.920 7 4.264 0.241
1248446238.878 8 4.142 0.264
1248446239.588 8 4.084 0.249
1248446239.828 6 3.976 0.179
1248446239.828 7 4.132 0.215
1248446239.828 8 4.065 0.252
1248446240.089 6 3.973 0.191
1248446240.089 7 4.116 0.225
1248446240.089 8 4.028 0.264
1248446240.590 8 4.018 0.267
1248446241.076 8 3.973 0.254
1248446241.320 8 3.973 0.240
1248446241.808 8 3.973 0.264
1248446242.052 6 3.817 0.168
1248446242.297 8 3.919 0.227
1248446242.542 8 3.904 0.233
1248446243.038 6 3.768 0.146
1248446243.522 8 3.817 0.229
1248446243.761 6 3.768 0.144
1248446244.002 6 3.718 0.130
1248446244.002 7 3.830 0.166
1248446244.002 8 3.776 0.215
1248446244.242 6 3.703 0.126
1248446244.242 7 3.859 0.163
1248446244.242 8 3.802 0.213
1248446244.481 6 3.718 0.132
1248446244.481 7 3.821 0.168
1248446244.481 8 3.768 0.219
1248446244.959 6 3.677 0.133
1248446244.959 7 3.774 0.170
1248446245.437 6 3.624 0.115
1248446245.437 7 3.731 0.152
1248446245.437 8 3.695 0.201
1248446245.674 6 3.602 0.108
1248446245.674 7 3.763 0.146
1248446245.674 8 3.720 0.198
1248446245.912 6 3.584 0.093
1248446245.912 7 3.720 0.138
1248446245.912 8 3.674 0.187
1248446246.150 6 3.586 0.108
1248446246.150 7 3.690 0.145
1248446246.150 8 3.674 0.198
1248446246.406 8 3.674 0.194
1248446246.649 7 3.674 0.137
1248446246.649 8 3.633 0.189
1248446246.895 8 3.637 0.194
1248446247.877 8 3.584 0.163
1248446248.360 8 3.537 0.173
1248446248.841 8 3.472 0.160
1248446249.083 8 3.499 0.155
1248446249.810 6 3.305 0.042
1248446249.810 7 3.423 0.084
1248446249.811 8 3.458 0.137
1248446250.790 8 3.358 0.141
1248446251.309 8 3.340 0.113
1248446252.055 6 3.162 0.012
1248446252.301 7 3.298 0.039
1248446252.301 8 3.267 0.099
1248446252.790 6 3.101 -0.009
1248446252.790 7 3.240 0.031
1248446252.790 8 3.244 0.091
1248446253.262 6 3.073 -0.021
1248446253.262 7 3.225 0.024
1248446253.262 8 3.196 0.079
1248446254.212 8 3.154 0.050
1248446254.945 8 3.096 0.038
1248446255.189 8 3.069 0.036
1248446255.912 8 3.011 0.008
1248446256.418 6 2.806 -0.111
1248446256.418 7 2.979 -0.059
1248446256.418 8 2.974 0.005
1248446256.653 6 2.806 -0.101
1248446256.654 7 2.952 -0.060
1248446256.654 8 2.966 0.004
1248446256.891 8 2.944 -0.012
1248446257.126 8 2.944 -0.005
1248446258.497 9 3.096 0.347
1248446258.497 10 3.003 0.407
1248446259.407 10 3.166 0.043
1248446259.639 10 3.162 -0.044
1248446259.869 12 1.663 0.530
1248446260.100 13 1.879 0.504
1248446260.331 13 1.932 0.427
1248446260.564 13 1.967 0.340
1248446260.799 13 2.035 0.228
1248446261.035 13 2.048 0.153
1248446261.270 13 2.043 0.057
1248446261.499 13 2.026 -0.058
1248446263.142 2 2.514 0.481
1248446263.849 2 2.634 0.187
1248446265.925 15 4.677 -0.029
1248446266.149 5 3.084 -0.004
1248446266.612 5 3.065 -0.009
1248446266.847 5 3.065 -0.016
1248446267.078 5 3.058 -0.026
1248446267.774 5 3.003 -0.027
1248446268.006 5 2.997 -0.024
1248446268.237 5 2.973 -0.022
1248446268.468 5 2.944 -0.019
1248446268.697 20 6.191 -0.001
1248446268.923 15 4.530 -0.070
1248446268.923 20 6.060 0.001
1248446269.149 14 4.393 -0.083
1248446269.149 5 2.890 -0.007
1248446269.375 5 2.887 -0.012
1248446269.603 19 6.329 -0.026
1248446269.603 5 2.882 -0.006
1248446269.831 15 4.460 -0.044
1248446269.831 5 2.887 -0.009
1248446270.058 20 6.191 0.017
1248446270.285 15 4.530 -0.045
1248446270.285 5 2.901 -0.005
1248446270.512 14 4.393 -0.090
1248446270.512 20 6.191 0.017
1248446270.739 5 2.889 -0.005
1248446270.966 15 4.460 -0.051
1248446270.966 5 2.887 -0.004
1248446271.193 20 6.060 0.013
1248446271.419 15 4.512 -0.053
1248446271.419 5 2.887 -0.003
1248446271.646 5 2.885 -0.003
1248446271.879 1 3.350 -0.160
1248446271.880 14 4.393 -0.092
1248446271.880 15 4.518 -0.053
1248446271.880 5 2.894 -0.002
1248446272.122 1 3.340 -0.161
1248446272.122 14 4.393 -0.092
1248446272.122 15 4.502 -0.053
1248446272.122 5 2.891 -0.003
1248446272.356 14 4.393 -0.092
1248446272.356 15 4.507 -0.043
1248446272.356 5 2.889 -0.003
1248446272.594 15 4.507 -0.053
1248446272.594 5 2.885 -0.003
1248446272.838 1 3.312 -0.175
1248446272.838 14 4.393 -0.090
1248446272.839 15 4.507 -0.053
1248446272.839 5 2.889 -0.003
1248446273.079 14 4.393 -0.092
1248446273.079 15 4.516 -0.052
1248446273.079 5 2.892 -0.001
1248446273.319 1 3.267 -0.185
1248446273.319 14 4.393 -0.091
1248446273.319 15 4.516 -0.053
1248446273.320 5 2.889 -0.001
1248446273.562 1 3.285 -0.188
1248446273.562 14 4.393 -0.092
1248446273.562 15 4.495 -0.054
1248446273.562 5 2.891 -0.001
1248446273.799 1 3.303 -0.195
1248446273.800 14 4.393 -0.092
1248446273.800 15 4.495 -0.053
1248446273.800 5 2.891 -0.001
1248446274.044 14 4.393 -0.091
1248446274.044 15 4.460 -0.063
1248446274.044 5 2.895 0.000
1248446274.279 14 4.393 -0.091
1248446274.279 15 4.460 -0.062
1248446274.279 5 2.891 -0.001
1248446274.513 14 4.393 -0.091
1248446274.513 15 4.495 -0.053
1248446274.513 5 2.885 0.000
1248446274.757 14 4.393 -0.091
1248446274.757 15 4.507 -0.053
1248446274.757 5 2.885 0.000
1248446274.993 14 4.393 -0.090
1248446274.993 15 4.516 -0.052
1248446274.993 5 2.889 0.000
1248446275.227 14 4.393 -0.092
1248446275.227 15 4.510 -0.053
1248446275.227 5 2.887 0.000
1248446275.464 5 2.889 0.000
1248446275.697 14 4.393 -0.091
1248446275.697 5 2.887 -0.001
1248446276.154 5 2.872 -0.005
1248446283.279 5 2.424 0.058
1248446283.985 15 4.061 0.029
1248446283.985 5 2.405 0.074
1248446284.220 5 2.386 0.074
1248446284.456 5 2.370 0.079
1248446284.928 14 3.821 -0.034
1248446284.928 5 2.336 0.066
1248446285.162 5 2.325 0.057
1248446285.398 20 5.585 0.084
1248446285.867 5 2.280 0.063
1248446286.101 5 2.262 0.072
1248446286.336 5 2.230 0.070
1248446287.038 14 3.674 -0.033
1248446287.508 5 2.168 0.080
1248446287.744 5 2.133 0.081
1248446288.446 14 3.565 -0.024
1248446288.914 14 3.499 -0.012
1248446288.914 19 5.376 0.071
1248446289.162 14 3.528 -0.009
1248446289.162 5 2.030 0.107
1248446289.406 5 2.016 0.113
1248446289.875 5 1.977 0.116
1248446290.108 19 5.342 0.097
1248446290.342 19 5.277 0.094
1248446290.342 5 1.942 0.123
1248446290.575 5 1.927 0.124
1248446290.810 5 1.892 0.124
1248446291.044 19 5.229 0.091
1248446291.278 19 5.205 0.098
1248446291.747 19 5.182 0.111
1248446292.451 15 3.340 0.062
1248446292.918 5 1.750 0.175
1248446293.154 15 3.274 0.079
1248446293.154 5 1.739 0.174
1248446293.609 19 5.007 0.137
1248446293.609 5 1.737 0.180
1248446293.843 14 3.169 0.048
1248446293.843 5 1.707 0.193
1248446294.071 19 5.001 0.149
1248446294.528 20 4.833 0.198
1248446294.759 19 5.001 0.154
1248446294.759 5 1.795 0.208
1248446294.991 14 3.165 0.064
1248446294.991 5 1.680 0.217
1248446295.222 20 4.902 0.197
1248446295.222 5 1.675 0.219
1248446295.454 19 5.001 0.154
1248446295.454 5 1.669 0.217
1248446295.914 15 3.214 -0.028
1248446295.914 5 1.687 0.078
1248446296.141 5 1.682 -0.003
1248446296.828 19 5.001 -0.074
1248446297.053 19 5.001 -0.078
1248446310.531 20 4.833 -0.124
1248446310.765 20 4.826 -0.124
1248446310.998 20 4.815 -0.125
1248446311.249 20 4.833 -0.160
1248446312.417 16 4.677 -0.146
1248446312.418 14 3.031 0.155
1248446312.418 15 3.071 0.214
1248446312.418 19 4.833 0.259
1248446312.418 20 4.754 0.295
1248446312.645 14 3.003 0.189
1248446312.646 15 3.065 0.252
1248446312.646 20 4.655 0.342
1248446313.120 19 4.754 0.321
1248446313.356 17 4.677 -0.144
1248446313.356 14 3.007 0.195
1248446313.356 15 3.060 0.251
1248446313.357 19 4.754 0.302
1248446313.357 20 4.622 0.337
1248446313.587 14 3.005 0.187
1248446313.587 15 3.058 0.242
1248446313.587 19 4.772 0.292
1248446313.587 20 4.667 0.330
1248446313.816 14 3.028 0.137
1248446313.816 15 3.078 0.189
1248446313.816 19 4.817 0.239
1248446313.816 20 4.684 0.277
1248446314.050 14 3.033 0.083
1248446314.051 15 3.111 0.137
1248446314.051 19 4.861 0.186
1248446314.051 20 4.754 0.223
1248446314.281 14 3.033 0.030
1248446314.281 15 3.126 0.083
1248446314.281 19 4.916 0.131
1248446314.281 20 4.833 0.169
1248446314.524 19 4.916 0.091
1248446314.524 20 4.833 0.126
1248446314.769 15 3.129 0.087
1248446315.004 15 3.096 0.187
1248446315.246 17 4.754 -0.112
1248446315.247 16 4.754 -0.075
1248446315.247 14 2.988 0.226
1248446315.247 15 3.035 0.281
1248446315.247 19 4.747 0.329
1248446315.247 20 4.585 0.368
1248446315.491 17 4.754 -0.114
1248446315.491 16 4.754 -0.076
1248446315.491 14 2.994 0.226
1248446315.492 15 3.030 0.281
1248446315.492 19 4.710 0.332
1248446315.492 20 4.602 0.369
1248446315.735 17 4.754 -0.114
1248446315.735 16 4.719 -0.073
1248446315.735 14 2.988 0.223
1248446315.735 15 3.033 0.281
1248446315.735 19 4.697 0.332
1248446315.735 20 4.602 0.369
1248446315.983 18 4.754 -0.147
1248446315.983 17 4.761 -0.113
1248446315.983 16 4.696 -0.077
1248446315.983 14 2.988 0.224
1248446315.983 15 3.040 0.282
1248446315.983 19 4.691 0.332
1248446315.983 20 4.602 0.362
1248446316.223 18 4.754 -0.149
1248446316.223 17 4.754 -0.114
1248446316.223 16 4.688 -0.073
1248446316.223 14 2.982 0.224
1248446316.223 15 3.035 0.286
1248446316.223 19 4.687 0.331
1248446316.223 20 4.602 0.362
1248446316.462 18 4.696 -0.154
1248446316.463 17 4.742 -0.114
1248446316.463 16 4.694 -0.073
1248446316.463 14 2.985 0.225
1248446316.463 15 3.038 0.281
1248446316.463 19 4.687 0.331
1248446316.463 20 4.602 0.368
1248446316.714 16 4.715 -0.073
1248446316.714 20 4.607 0.368
1248446316.962 17 4.762 -0.105
1248446316.962 20 4.602 0.377
1248446317.203 16 4.754 0.002
1248446317.203 20 4.460 0.444
1248446317.695 5 1.756 -0.071
1248446317.695 18 4.798 0.055
1248446317.695 17 4.759 0.095
1248446317.695 16 4.754 0.135
1248446317.695 14 2.822 0.433
1248446317.696 15 2.813 0.498
1248446317.696 19 4.302 0.539
1248446317.696 20 4.202 0.569
1248446317.948 18 4.754 0.046
1248446317.948 17 4.754 0.086
1248446317.948 16 4.682 0.126
1248446317.948 14 2.821 0.426
1248446317.949 15 2.837 0.481
1248446317.949 19 4.341 0.530
1248446317.949 20 4.226 0.559
1248446318.186 18 4.796 0.020
1248446318.186 17 4.819 0.060
1248446318.187 16 4.688 0.100
1248446318.187 14 2.841 0.401
1248446318.187 15 2.866 0.453
1248446318.187 19 4.426 0.498
1248446318.187 20 4.264 0.540
1248446318.425 18 4.833 -0.034
1248446318.425 17 4.833 0.007
1248446318.425 16 4.754 0.045
1248446318.425 14 2.915 0.346
1248446318.425 15 2.944 0.401
1248446318.425 19 4.602 0.441
1248446318.668 16 4.807 0.059
1248446318.668 20 4.393 0.496
1248446318.907 14 2.806 0.428
1248446319.135 17 4.677 0.256
1248446319.378 17 4.677 0.254
1248446319.378 16 4.602 0.290
1248446319.624 17 4.633 0.256
1248446319.624 16 4.543 0.293
1248446319.874 5 1.808 -0.003
1248446319.874 18 4.677 0.197
1248446319.875 17 4.694 0.236
1248446319.875 16 4.668 0.277
1248446319.875 14 2.664 0.567
1248446320.127 5 1.806 -0.052
1248446320.127 18 4.725 0.151
1248446320.127 17 4.754 0.189
1248446320.127 16 4.677 0.229
1248446320.127 14 2.711 0.530
1248446320.359 17 4.754 0.176
1248446320.589 17 4.677 0.239
1248446320.589 16 4.602 0.280
1248446320.589 14 2.657 0.569
1248446321.287 17 4.159 0.565
1248446321.520 17 4.154 0.563
1248446321.750 17 4.202 0.543
1248446322.001 17 4.327 0.485
1248446322.001 16 4.211 0.528
1248446322.264 17 4.480 0.419
1248446322.264 16 4.386 0.458
1248446322.521 5 1.828 0.085
1248446322.522 17 4.460 0.418
1248446322.986 5 1.780 0.257
1248446322.987 18 4.172 0.558
1248446323.231 5 1.783 0.253
1248446323.231 18 4.190 0.559
1248446323.467 5 1.777 0.243
1248446323.468 18 4.142 0.556
1248446323.706 5 1.776 0.237
1248446323.706 18 4.182 0.555
1248446323.950 5 1.769 0.231
1248446323.950 18 4.142 0.561
1248446324.186 5 1.762 0.227
1248446324.186 18 4.154 0.556
1248446324.424 5 1.759 0.224
1248446324.424 18 4.157 0.555
1248446324.661 5 1.745 0.217
1248446324.661 18 4.157 0.555
1248446324.901 5 1.736 0.215
1248446324.902 18 4.157 0.555
1248446325.138 5 1.723 0.210
1248446325.138 18 4.157 0.555
1248446325.375 5 1.717 0.207
1248446325.375 18 4.154 0.556
1248446325.612 5 1.712 0.206
1248446325.612 18 4.162 0.555
1248446325.849 5 1.694 0.205
1248446325.849 18 4.154 0.556
1248446326.085 5 1.682 0.205
1248446326.085 18 4.154 0.556
1248446326.323 5 1.669 0.205
1248446326.323 18 4.162 0.555
1248446326.559 5 1.645 0.205
1248446326.560 18 4.157 0.555
1248446326.811 5 1.634 0.207
1248446326.812 18 4.166 0.556
1248446327.056 5 1.610 0.207
1248446327.056 18 4.182 0.555
1248446327.309 5 1.597 0.207
1248446327.309 18 4.166 0.556
1248446327.555 5 1.573 0.208
1248446327.555 18 4.172 0.555
1248446327.805 5 1.568 0.207
1248446327.805 18 4.172 0.555
1248446328.054 18 4.157 0.555
1248446328.285 18 4.157 0.555
1248446328.516 18 4.157 0.555
1248446328.747 18 4.154 0.556
1248446328.978 18 4.172 0.555
1248446329.210 18 4.157 0.555
1248446329.441 18 4.178 0.556
1248446329.676 18 4.182 0.555
1248446329.918 18 4.157 0.555
1248446330.156 18 4.157 0.555
1248446330.387 18 4.202 0.556
1248446330.617 18 4.152 0.561
1248446330.851 18 4.123 0.561
1248446331.087 5 1.389 0.299
1248446331.325 18 4.084 0.566
1248446331.562 5 1.351 0.328
1248446331.800 5 1.325 0.343
1248446332.038 5 1.306 0.365
1248446332.274 18 4.084 0.563
1248446332.505 17 4.106 0.549
1248446332.739 17 4.393 0.429
1248446332.973 5 1.293 0.176
1248446333.439 16 4.602 0.187
1248446333.439 15 2.674 0.560
1248446333.671 17 4.677 0.064
1248446333.902 15 2.859 0.400
1248446334.596 20 4.677 0.179
1248446334.822 20 4.754 0.056
1248446335.051 20 4.754 -0.029
1248446367.060 20 3.303 0.066
1248446368.006 20 3.129 0.311
1248446368.251 19 3.162 0.370
1248446368.251 20 3.005 0.423
1248446370.459 19 3.231 0.109
1248446370.459 20 3.098 0.160
1248446371.173 19 3.196 -0.004
1248446371.173 20 3.091 0.053
1248446371.408 19 3.162 -0.078
1248446371.408 20 3.096 -0.030
1248446410.020 19 1.457 -0.059
1248446410.960 19 1.402 0.053
1248446411.198 19 1.395 0.046
1248446411.435 19 1.376 0.057
1248446412.596 19 1.269 0.360
1248446412.829 19 1.243 0.416
1248446413.065 19 1.196 0.504
1248446413.305 19 1.155 0.562
1248446413.541 16 2.567 -0.185
1248446413.800 16 2.589 -0.109
1248446414.074 16 2.571 -0.051
1248446414.346 16 2.569 0.022
1248446414.613 16 2.548 0.096
1248446414.883 16 2.530 0.143
1248446415.154 17 2.667 0.177
1248446415.154 16 2.490 0.215
1248446415.421 17 2.644 0.214
1248446415.421 16 2.460 0.252
1248446415.684 5 1.799 0.007
1248446415.684 18 2.791 0.181
1248446415.684 17 2.640 0.215
1248446415.684 16 2.454 0.255
1248446415.928 5 1.789 0.018
1248446415.928 18 2.819 0.185
1248446415.929 17 2.640 0.221
1248446415.929 16 2.456 0.260
1248446416.175 5 1.774 0.025
1248446416.176 18 2.803 0.184
1248446416.176 17 2.619 0.223
1248446416.176 16 2.437 0.262
1248446416.425 17 2.600 0.223
1248446416.425 16 2.423 0.263
1248446416.675 17 2.594 0.222
1248446416.675 16 2.414 0.261
1248446416.921 17 2.574 0.221
1248446416.921 16 2.405 0.261
1248446417.176 17 2.572 0.223
1248446417.176 16 2.404 0.263
1248446417.423 5 1.693 0.050
1248446417.423 18 2.732 0.186
1248446417.423 17 2.566 0.223
1248446417.423 16 2.387 0.264
1248446417.673 17 2.540 0.226
1248446417.673 16 2.378 0.267
1248446417.920 17 2.549 0.227
1248446417.920 16 2.378 0.268
1248446418.157 16 2.368 0.269
1248446418.406 5 1.625 0.083
1248446418.406 16 2.351 0.272
1248446418.656 18 2.699 0.195
1248446418.656 16 2.351 0.275
1248446418.902 5 1.585 0.107
1248446418.902 17 2.504 0.226
1248446419.147 5 1.585 0.102
1248446419.147 18 2.678 0.194
1248446419.147 17 2.511 0.234
1248446419.148 16 2.335 0.275
1248446419.387 5 1.560 0.079
1248446419.387 18 2.673 0.163
1248446419.387 17 2.506 0.200
1248446419.387 16 2.336 0.242
1248446419.627 5 1.551 0.047
1248446419.627 18 2.681 0.124
1248446419.627 17 2.512 0.163
1248446419.627 16 2.342 0.205
1248446419.869 5 1.536 0.009
1248446419.869 18 2.668 0.085
1248446419.869 17 2.522 0.121
1248446419.869 16 2.343 0.162
1248446420.116 18 2.683 0.026
1248446420.116 16 2.358 0.108
1248446420.366 17 2.538 0.036
1248446420.366 16 2.368 0.077
1248446420.615 18 2.681 -0.070
1248446420.615 16 2.359 0.018
1248446420.866 5 1.476 -0.140
1248446420.866 16 2.354 0.005
1248446421.120 17 2.540 -0.039
1248446421.120 16 2.341 -0.002
1248446421.859 18 2.657 -0.096
1248446421.859 17 2.434 -0.043
1248446421.859 16 2.294 -0.009
1248446422.115 16 2.286 -0.016
1248446422.612 16 2.263 -0.004
1248446422.868 17 2.424 -0.062
1248446423.357 18 2.500 -0.076
1248446423.357 17 2.352 -0.046
1248446423.357 16 2.199 -0.001
1248446423.591 16 2.179 -0.001
1248446424.070 17 2.291 -0.049
1248446424.070 16 2.142 -0.002
1248446424.309 16 2.127 -0.004
1248446424.550 16 2.111 -0.005
1248446424.790 16 2.098 -0.003
1248446425.030 18 2.372 -0.097
1248446425.030 16 2.078 -0.004
1248446425.270 16 2.062 -0.003
1248446425.509 16 2.045 -0.001
1248446425.741 16 2.056 -0.024
1248446425.974 16 2.012 -0.003
1248446426.440 17 2.171 -0.047
1248446426.440 16 2.013 0.001
1248446426.909 18 2.285 -0.092
1248446426.909 17 2.142 -0.047
1248446426.910 16 1.984 0.003
1248446427.163 18 2.270 -0.094
1248446427.163 17 2.128 -0.049
1248446427.163 16 1.972 0.002
1248446427.403 17 2.111 -0.049
1248446427.403 16 1.963 -0.001
1248446427.648 18 2.242 -0.100
1248446427.648 17 2.095 -0.052
1248446427.648 16 1.940 -0.001
1248446427.888 16 1.921 -0.038
1248446428.125 16 1.892 -0.137
1248446428.364 16 1.861 -0.190
1248446440.666 16 1.293 -0.008
1248446440.909 16 1.269 0.120
1248446441.154 18 1.599 0.110
1248446441.154 16 1.247 0.202
1248446441.396 16 1.201 0.322
1248446441.636 18 1.526 0.310
1248446441.868 18 1.472 0.400
1248446442.097 18 1.385 0.529
1248446442.343 18 1.397 0.540
1248446442.581 18 1.374 0.552
1248446442.817 18 1.375 0.554
1248446446.398 2 3.868 0.437
1248446447.566 13 5.376 0.562
1248446469.744 3 3.196 0.567
1248446470.229 3 3.196 0.564
1248446470.732 3 3.285 0.483
1248446470.977 3 3.243 0.485
1248446471.926 10 6.624 0.547
1248446473.353 6 7.123 0.122
1248446473.353 7 7.307 0.137
1248446473.353 8 7.307 0.161
1248446473.353 10 6.948 0.455
1248446473.591 2 2.896 0.516
1248446473.591 13 5.001 0.568
1248446474.075 13 5.054 0.542
1248446474.310 13 5.090 0.539
1248446474.543 13 5.001 0.545
1248446474.778 8 7.307 0.109
1248446474.778 13 5.001 0.544
1248446475.247 8 7.307 0.106
1248446475.247 13 4.916 0.553
1248446475.715 13 5.001 0.532
1248446475.956 13 5.001 0.533
1248446476.188 3 3.162 0.305
1248446476.188 13 4.916 0.550
1248446476.425 13 4.916 0.552
1248446476.927 8 7.307 0.093
1248446476.927 13 4.839 0.548
1248446477.166 13 4.916 0.541
1248446477.644 13 4.916 0.511
1248446477.882 6 6.948 0.014
1248446477.883 13 4.925 0.506
1248446478.119 3 3.118 0.259
1248446478.353 13 4.916 0.497
1248446478.581 3 3.056 0.257
1248446478.581 13 4.916 0.495
1248446478.815 13 4.841 0.504
1248446479.764 13 4.833 0.500
1248446480.236 13 4.833 0.505
1248446480.711 3 2.873 0.294
1248446480.959 3 2.887 0.305
1248446480.959 13 4.677 0.564
1248446481.438 3 2.808 0.324
1248446481.438 12 4.743 0.515
1248446481.438 11 4.833 0.530
1248446481.438 13 4.566 0.568
1248446481.920 12 4.754 0.506
1248446481.920 13 4.602 0.548
1248446482.423 12 4.677 0.512
1248446482.423 13 4.530 0.560
1248446482.901 3 2.712 0.344
1248446482.901 12 4.666 0.529
1248446482.901 11 4.754 0.545
1248446483.386 7 6.782 0.058
1248446483.387 3 2.683 0.333
1248446483.387 12 4.540 0.518
1248446483.387 11 4.677 0.538
1248446483.625 7 6.782 0.049
1248446483.625 3 2.664 0.330
1248446483.625 2 2.183 0.415
1248446483.625 12 4.602 0.518
1248446483.625 13 4.426 0.566
1248446483.866 2 2.168 0.414
1248446484.106 3 2.634 0.342
1248446484.106 2 2.153 0.402
1248446484.344 3 2.611 0.347
1248446484.586 3 2.611 0.352
1248446484.586 2 2.138 0.413
1248446484.586 12 4.590 0.524
1248446485.068 6 6.473 0.039
1248446485.069 7 6.682 0.056
1248446485.069 3 2.569 0.350
1248446485.069 2 2.099 0.405
1248446485.069 12 4.488 0.526
1248446485.069 11 4.578 0.545
1248446485.545 3 2.530 0.346
1248446485.545 2 2.081 0.399
1248446486.024 7 6.573 0.055
1248446486.024 11 4.530 0.553
1248446486.511 2 2.037 0.398
1248446486.748 3 2.487 0.350
1248446486.748 2 2.017 0.383
1248446486.748 12 4.393 0.519
1248446486.985 3 2.453 0.359
1248446486.985 2 2.012 0.389
1248446486.985 12 4.443 0.525
1248446486.985 11 4.530 0.541
1248446487.224 7 6.473 0.047
1248446487.224 3 2.407 0.365
1248446487.224 2 1.984 0.390
1248446487.225 12 4.349 0.535
1248446487.465 7 6.473 0.049
1248446487.465 3 2.389 0.367
1248446487.465 2 1.978 0.391
1248446487.465 12 4.299 0.533
1248446487.466 11 4.460 0.559
1248446487.702 2 1.966 0.375
1248446487.702 12 4.327 0.530
1248446487.941 6 6.191 0.016
1248446487.941 2 1.956 0.368
1248446487.941 12 4.327 0.526
1248446488.181 7 6.473 0.029
1248446488.181 2 1.960 0.363
1248446488.181 12 4.282 0.529
1248446488.181 11 4.460 0.547
1248446488.417 2 1.939 0.376
1248446488.417 12 4.235 0.541
1248446488.417 11 4.393 0.562
1248446489.130 2 1.904 0.363
1248446489.131 3 2.264 0.391
1248446489.131 12 4.214 0.544
1248446489.365 7 6.329 0.037
1248446489.366 2 1.905 0.350
1248446489.366 3 2.277 0.379
1248446489.366 12 4.217 0.534
1248446489.605 6 6.164 0.007
1248446489.605 2 1.892 0.339
1248446489.605 3 2.247 0.375
1248446489.606 12 4.212 0.529
1248446489.606 11 4.327 0.551
1248446489.844 6 6.060 0.003
1248446489.844 2 1.886 0.328
1248446489.845 3 2.236 0.370
1248446489.845 12 4.213 0.529
1248446489.845 11 4.327 0.548
1248446490.321 6 6.060 0.018
1248446490.322 2 1.869 0.336
1248446490.322 3 2.198 0.392
1248446490.322 12 4.154 0.543
1248446490.797 7 6.225 0.027
1248446490.797 2 1.853 0.321
1248446490.797 3 2.161 0.391
1248446490.797 12 4.102 0.542
1248446490.797 11 4.264 0.559
1248446491.272 6 6.060 0.007
1248446491.272 3 2.135 0.392
1248446491.272 12 4.084 0.536
1248446491.272 11 4.222 0.564
1248446491.747 6 6.017 0.018
1248446491.747 2 1.823 0.318
1248446491.747 3 2.094 0.416
1248446491.747 12 4.028 0.559
1248446491.985 7 6.076 0.037
1248446491.985 8 6.191 0.073
1248446491.985 2 1.816 0.317
1248446491.985 3 2.071 0.419
1248446491.985 12 3.980 0.562
1248446492.223 2 1.819 0.306
1248446492.223 3 2.069 0.413
1248446492.455 2 1.806 0.300
1248446492.455 3 2.055 0.408
1248446492.455 12 4.006 0.545
1248446492.455 11 4.142 0.569
1248446492.693 2 1.808 0.286
1248446492.693 3 2.033 0.405
1248446492.693 12 4.028 0.537
1248446493.172 7 6.060 0.024
1248446493.172 2 1.795 0.294
1248446493.172 9 5.933 0.389
1248446493.172 3 2.000 0.418
1248446493.173 12 3.973 0.552
1248446493.415 6 5.933 0.005
1248446493.415 2 1.790 0.294
1248446493.415 3 1.981 0.423
1248446493.415 12 3.922 0.561
1248446493.886 6 5.813 0.002
1248446493.887 7 6.060 0.026
1248446493.887 2 1.790 0.289
1248446493.887 9 5.933 0.387
1248446493.887 3 1.963 0.423
1248446493.887 12 3.900 0.560
1248446494.116 6 5.813 -0.001
1248446494.116 7 6.060 0.019
1248446494.117 12 3.919 0.553
1248446494.593 2 1.770 0.275
1248446494.594 12 3.868 0.544
1248446494.835 12 3.873 0.546
1248446494.835 11 4.028 0.568
1248446495.067 2 1.756 0.281
1248446495.314 2 1.751 0.285
1248446495.314 12 3.788 0.565
1248446495.802 6 5.697 0.005
1248446495.803 7 5.933 0.022
1248446495.803 8 5.933 0.057
1248446495.803 12 3.768 0.571
1248446496.045 6 5.697 -0.007
1248446496.045 8 5.933 0.050
1248446496.046 2 1.746 0.280
1248446496.046 12 3.768 0.570
1248446496.288 6 5.697 -0.005
1248446496.288 12 3.762 0.565
1248446496.760 2 1.737 0.292
1248446497.496 6 5.585 0.005
1248446497.496 2 1.745 0.298
1248446497.496 3 1.780 0.491
1248446497.997 2 1.756 0.289
1248446497.997 3 1.785 0.481
1248446498.745 8 5.697 0.028
1248446498.745 3 1.752 0.485
1248446498.990 9 5.697 0.378
1248446498.990 12 3.628 0.571
1248446499.236 10 5.539 0.416
1248446499.480 3 1.737 0.519
1248446499.722 6 5.479 -0.022
1248446499.965 8 5.622 0.041
1248446499.965 3 1.692 0.542
1248446500.208 8 5.585 0.038
1248446500.208 3 1.684 0.548
1248446500.942 2 1.749 0.277
1248446500.942 3 1.641 0.566
1248446501.182 2 1.756 0.288
1248446501.671 2 1.731 0.295
1248446501.909 9 5.479 0.398
1248446502.172 2 1.727 0.299
1248446502.172 10 5.376 0.418
1248446502.437 8 5.479 0.020
1248446502.437 9 5.376 0.392
1248446502.923 8 5.376 0.018
1248446502.923 2 1.712 0.304
1248446504.020 8 5.376 0.013
1248446504.020 1 2.463 0.571
1248446504.277 1 2.447 0.568
1248446504.774 1 2.432 0.567
1248446505.242 6 5.090 -0.010
1248446505.476 8 5.277 0.089
1248446505.711 6 5.001 0.107
1248446505.945 7 5.105 0.169
1248446505.945 2 1.525 0.570
1248446506.432 7 5.090 0.217
1248446506.675 6 4.916 0.195
1248446506.675 8 5.001 0.253
1248446506.920 7 5.090 0.219
1248446507.161 6 4.861 0.196
1248446507.161 8 5.001 0.262
1248446507.410 8 5.001 0.251
1248446507.653 8 5.001 0.254
1248446508.141 8 4.916 0.250
1248446508.849 7 4.916 0.220
1248446509.084 7 4.916 0.215
1248446509.559 8 4.888 0.252
1248446509.798 7 4.916 0.222
1248446509.798 8 4.833 0.260
1248446510.034 7 4.904 0.223
1248446510.034 8 4.833 0.255
1248446510.270 8 4.833 0.271
1248446510.507 7 4.833 0.228
1248446510.507 8 4.833 0.261
1248446510.739 6 4.677 0.196
1248446510.976 8 4.833 0.193
1248446511.211 8 4.833 0.182
1248446511.444 7 4.822 0.153
1248446511.444 8 4.833 0.198
1248446511.676 6 4.602 0.113
1248446512.145 9 4.754 0.482
1248446512.145 10 4.677 0.520
1248446512.385 8 4.833 0.081
1248446512.619 9 4.833 0.459
1248446512.619 10 4.677 0.495
1248446513.369 8 4.704 -0.019
1248446513.369 1 2.346 0.568
1248446514.086 6 4.460 -0.102
1248446514.086 7 4.677 -0.082
1248446514.086 8 4.677 -0.043
1248446514.086 9 4.833 0.378
1248446514.086 10 4.689 0.414
1248446514.086 1 2.353 0.548
1248446514.553 7 4.677 -0.079
1248446514.553 8 4.677 -0.043
1248446515.261 6 4.393 -0.099
1248446515.261 7 4.602 -0.082
1248446515.261 8 4.602 -0.042
1248446515.261 9 4.754 0.384
1248446515.261 10 4.677 0.423
1248446515.262 1 2.323 0.554
1248446515.495 6 4.393 -0.106
1248446515.496 7 4.602 -0.081
1248446515.496 8 4.602 -0.039
1248446515.496 9 4.754 0.389
1248446515.496 10 4.677 0.417
1248446515.732 9 4.754 0.386
1248446515.733 1 2.303 0.557
1248446516.187 6 4.384 -0.107
1248446516.187 7 4.530 -0.087
1248446516.187 9 4.754 0.383
1248446516.187 10 4.602 0.421
1248446516.188 1 2.300 0.557
1248446516.647 9 4.677 0.375
1248446516.647 1 2.298 0.543
1248446516.881 6 4.264 -0.128
1248446516.881 9 4.754 0.363
1248446516.881 10 4.677 0.399
1248446516.882 1 2.314 0.538
1248446517.812 1 2.249 0.565
1248446518.279 1 2.249 0.560
1248446518.542 1 2.230 0.561
1248446518.814 1 2.218 0.562
1248446519.083 1 2.222 0.560
1248446519.353 1 2.217 0.560
1248446519.608 6 4.084 -0.124
1248446519.608 7 4.264 -0.103
1248446519.608 8 4.321 -0.060
1248446519.608 10 4.353 0.435
1248446519.608 1 2.217 0.559
1248446519.867 7 4.264 -0.103
1248446519.867 9 4.460 0.392
1248446519.867 10 4.327 0.435
1248446520.567 1 2.204 0.561
1248446521.036 1 2.190 0.562
1248446521.730 1 2.202 0.561
1248446522.192 8 4.128 -0.061
1248446522.192 1 2.190 0.559
1248446522.424 8 4.084 -0.062
1248446522.424 1 2.186 0.558
1248446522.655 6 3.868 -0.131
1248446522.655 1 2.188 0.557
1248446522.888 6 3.868 -0.133
1248446522.888 1 2.196 0.555
1248446523.582 6 3.817 -0.137
1248446523.582 1 2.188 0.555
1248446523.814 1 2.187 0.557
1248446524.045 7 3.925 -0.111
1248446524.045 1 2.178 0.560
1248446525.430 9 4.103 0.383
1248446525.430 1 2.218 0.524
1248446525.662 10 3.984 0.427
1248446525.662 1 2.224 0.520
1248446526.124 1 2.214 0.533
1248446528.186 9 3.973 0.369
1248446528.186 1 2.237 0.517
1248446528.416 1 2.221 0.528
1248446529.567 1 2.217 0.532
1248446529.801 10 3.768 0.428
1248446529.801 1 2.211 0.530
1248446530.492 1 2.188 0.550
1248446530.722 1 2.209 0.544
1248446530.949 1 2.211 0.537
1248446531.403 1 2.192 0.553
1248446532.090 9 3.674 0.388
1248446532.319 9 3.674 0.401
1248446532.551 1 2.175 0.565
1248446533.009 1 2.183 0.572
1248446534.162 9 3.593 0.385
1248446534.838 10 3.412 0.452
1248446535.068 10 3.383 0.453
1248446535.528 10 3.347 0.467
1248446536.680 10 3.308 0.442
1248446536.909 10 3.303 0.450
1248446537.367 10 3.267 0.435
1248446538.738 10 3.172 0.449
1248446539.428 10 3.129 0.459
1248446539.658 10 3.105 0.453
1248446540.118 10 3.084 0.458
1248446540.577 10 3.055 0.458
1248446540.807 9 3.134 0.388
1248446541.037 10 3.035 0.458
1248446542.644 10 2.944 0.455
1248446542.881 10 2.914 0.462
1248446543.352 9 2.949 0.408
1248446543.352 10 2.887 0.476
1248446543.585 9 2.973 0.393
1248446544.280 9 2.909 0.406
1248446544.514 9 2.887 0.403
1248446544.514 10 2.832 0.470
1248446545.802 10 2.730 0.463
1248446546.312 9 2.771 0.399
1248446548.250 10 2.583 0.480
1248446548.712 10 2.567 0.483
1248446549.403 10 2.528 0.472
1248446549.863 10 2.483 0.498
1248446550.093 10 2.451 0.493
1248446550.781 10 2.430 0.468
1248446551.705 10 2.362 0.487
1248446551.935 9 2.424 0.407
1248446552.396 9 2.396 0.402
1248446552.396 10 2.338 0.475
1248446552.626 10 2.314 0.491
1248446552.857 10 2.300 0.489
1248446553.090 9 2.354 0.405
1248446553.090 10 2.297 0.483
1248446553.810 10 2.412 0.281
1248446554.050 10 2.457 0.170
1248446554.288 10 2.470 0.074
1248446554.770 10 2.443 -0.124
1248446554.770 1 2.280 0.550
1248446555.003 10 2.394 -0.211
1248446555.003 1 2.358 0.477
1248446555.237 1 2.454 0.361
1248446555.237 11 1.711 0.543
1248446555.474 1 2.504 0.289
1248446555.711 1 2.533 0.200
1248446555.711 11 1.811 0.376
1248446555.711 12 1.593 0.485
1248446555.956 1 2.581 0.085
1248446555.956 11 1.860 0.262
1248446555.956 12 1.655 0.370
1248446556.193 1 2.583 0.009
1248446556.194 11 1.885 0.177
1248446556.194 12 1.686 0.285
1248446556.673 11 1.895 0.104
1248446556.673 12 1.710 0.217
1248446557.144 11 1.877 -0.091
1248446557.144 12 1.722 0.022
1248446557.377 11 1.840 -0.173
1248446557.377 12 1.704 -0.057
1248446559.783 14 5.376 0.262
1248446560.019 14 5.444 0.196
1248446560.019 15 5.479 0.228
1248446560.482 15 5.471 0.208
1248446560.482 20 6.948 0.253
1248446560.718 18 6.948 -0.085
1248446560.718 20 7.017 0.257
1248446560.954 16 7.123 -0.035
1248446560.954 19 7.284 0.235
1248446561.426 15 5.410 0.209
1248446561.426 20 6.948 0.255
1248446561.657 14 5.360 0.182
1248446561.657 19 7.254 0.237
1248446562.349 15 5.376 0.215
1248446562.349 19 7.123 0.236
1248446562.586 14 5.277 0.189
1248446562.586 19 7.123 0.245
1248446562.824 16 6.970 -0.030
1248446562.824 20 6.842 0.265
1248446563.299 14 5.277 0.183
1248446563.299 19 7.123 0.234
1248446563.780 18 6.782 -0.087
1248446563.781 16 6.930 -0.033
1248446563.781 14 5.277 0.183
1248446563.781 15 5.376 0.213
1248446563.781 19 7.123 0.234
1248446563.781 20 6.892 0.259
1248446564.017 14 5.277 0.182
1248446564.017 19 7.123 0.239
1248446564.253 14 5.264 0.182
1248446564.253 20 6.782 0.264
1248446564.489 15 5.277 0.217
1248446564.726 14 5.253 0.183
1248446564.726 20 6.827 0.263
1248446564.963 15 5.277 0.214
1248446565.201 16 6.815 -0.035
1248446565.201 20 6.812 0.264
1248446565.438 19 6.948 0.234
1248446565.438 20 6.782 0.260
1248446565.911 14 5.182 0.186
1248446565.911 20 6.782 0.266
1248446566.150 20 6.818 0.268
1248446566.624 15 5.182 0.218
1248446566.624 20 6.782 0.264
1248446567.095 15 5.182 0.213
1248446567.331 14 5.090 0.181
1248446567.569 14 5.030 0.187
1248446567.569 19 6.948 0.245
1248446567.807 15 5.100 0.220
1248446567.807 20 6.624 0.265
1248446568.514 15 5.090 0.226
1248446568.985 15 5.001 0.224
1248446568.985 20 6.624 0.272
1248446569.458 18 6.473 -0.092
1248446569.458 15 5.008 0.224
1248446569.928 14 4.916 0.198
1248446569.928 20 6.473 0.278
1248446570.633 14 4.916 0.190
1248446571.105 20 6.473 0.280
1248446571.339 14 4.833 0.198
1248446571.803 15 4.754 0.321
1248446572.507 17 6.329 0.028
1248446572.507 19 6.329 0.352
1248446573.927 17 6.329 0.111
1248446573.927 20 5.933 0.468
1248446574.164 17 6.191 0.120
1248446574.164 20 5.933 0.476
1248446574.404 18 6.191 0.097
1248446574.404 19 6.060 0.449
1248446574.641 14 4.393 0.396
1248446574.641 20 5.933 0.470
1248446574.879 16 6.191 0.146
1248446574.879 20 5.888 0.473
1248446575.354 3 3.379 0.026
1248446575.354 20 5.585 0.560
1248446575.831 19 5.697 0.548
1248446576.311 2 3.162 -0.145
1248446576.311 3 3.418 0.039
1248446576.311 18 5.996 0.188
1248446576.311 17 5.933 0.220
1248446576.311 14 4.192 0.500
1248446576.311 15 4.142 0.531
1248446576.311 19 5.585 0.556
1248446577.001 18 5.933 0.191
1248446577.001 15 4.056 0.544
1248446577.464 2 3.137 -0.144
1248446577.464 3 3.418 0.043
1248446577.464 14 4.123 0.505
1248446577.703 2 3.162 -0.144
1248446577.703 3 3.458 0.044
1248446577.703 17 5.933 0.219
1248446577.704 14 4.142 0.504
1248446577.944 2 3.171 -0.142
1248446577.944 3 3.458 0.045
1248446577.944 18 5.813 0.189
1248446577.944 17 5.933 0.220
1248446577.944 16 5.813 0.247
1248446577.944 14 4.046 0.504
1248446577.944 15 4.048 0.544
1248446578.189 18 5.933 0.189
1248446578.189 15 4.044 0.544
1248446578.425 18 5.933 0.189
1248446578.426 19 5.585 0.562
1248446578.659 18 5.933 0.189
1248446578.659 19 5.585 0.561
1248446578.892 18 5.933 0.188
1248446578.892 19 5.531 0.561
1248446579.126 18 5.933 0.189
1248446579.126 15 4.036 0.545
1248446579.359 18 5.933 0.189
1248446579.359 15 4.037 0.545
1248446579.592 18 5.933 0.191
1248446579.592 15 4.037 0.544
1248446579.825 18 5.933 0.191
1248446579.826 19 5.585 0.559
1248446580.059 18 5.933 0.189
1248446580.059 15 4.037 0.545
1248446580.293 18 5.933 0.189
1248446580.293 19 5.549 0.560
1248446580.541 2 3.340 -0.133
1248446580.541 3 3.628 0.051
1248446580.541 18 5.933 0.189
1248446580.541 17 5.933 0.220
1248446580.541 16 5.933 0.252
1248446580.541 14 4.076 0.510
1248446580.541 15 4.036 0.545
1248446580.795 2 3.344 -0.133
1248446580.796 3 3.628 0.051
1248446580.796 18 5.933 0.190
1248446580.796 17 5.933 0.220
1248446580.796 16 5.933 0.252
1248446580.796 14 4.065 0.510
1248446580.796 15 4.037 0.545
1248446580.796 19 5.479 0.560
1248446581.046 2 3.379 -0.132
1248446581.046 3 3.674 0.051
1248446581.046 18 5.933 0.189
1248446581.046 17 5.933 0.220
1248446581.047 16 5.933 0.252
1248446581.047 14 4.092 0.509
1248446581.047 15 4.037 0.544
1248446581.295 2 3.382 -0.131
1248446581.295 3 3.674 0.051
1248446581.295 18 5.933 0.189
1248446581.296 17 5.933 0.220
1248446581.296 16 5.933 0.252
1248446581.296 14 4.090 0.510
1248446581.296 15 4.036 0.545
1248446581.552 2 3.418 -0.131
1248446581.552 3 3.674 0.051
1248446581.552 18 5.933 0.189
1248446581.553 17 5.933 0.220
1248446581.553 16 5.933 0.252
1248446581.553 14 4.084 0.509
1248446581.553 15 4.037 0.544
1248446581.794 2 3.422 -0.130
1248446581.794 3 3.684 0.051
1248446581.794 18 5.933 0.190
1248446581.794 17 5.933 0.220
1248446581.794 16 5.933 0.252
1248446581.794 14 4.092 0.509
1248446581.795 15 4.038 0.545
1248446582.034 2 3.458 -0.130
1248446582.034 3 3.716 0.051
1248446582.034 18 5.933 0.189
1248446582.034 17 5.933 0.220
1248446582.034 16 5.933 0.252
1248446582.034 14 4.065 0.510
1248446582.034 15 4.036 0.545
1248446582.272 2 3.446 -0.127
1248446582.272 3 3.720 0.052
1248446582.272 18 5.933 0.189
1248446582.273 17 5.933 0.220
1248446582.273 16 5.933 0.252
1248446582.273 14 4.076 0.509
1248446582.273 15 4.039 0.544
1248446582.512 2 3.466 -0.127
1248446582.512 3 3.720 0.053
1248446582.512 18 5.933 0.189
1248446582.512 17 5.933 0.220
1248446582.512 16 5.933 0.252
1248446582.512 14 4.077 0.509
1248446582.512 15 4.036 0.545
1248446582.757 2 3.465 -0.124
1248446582.758 15 4.036 0.544
1248446582.998 18 5.933 0.189
1248446582.999 15 4.036 0.544
1248446583.244 2 3.499 -0.125
1248446583.244 3 3.768 0.058
1248446583.244 18 5.933 0.189
1248446583.244 17 5.933 0.220
1248446583.244 16 5.933 0.252
1248446583.244 14 4.076 0.509
1248446583.244 15 4.036 0.544
1248446583.489 2 3.508 -0.124
1248446583.489 3 3.768 0.060
1248446583.489 18 5.933 0.189
1248446583.489 17 5.933 0.220
1248446583.490 16 5.933 0.252
1248446583.490 14 4.092 0.510
1248446583.490 15 4.037 0.544
1248446583.735 2 3.536 -0.125
1248446583.735 3 3.754 0.062
1248446583.735 18 5.933 0.189
1248446583.735 17 5.933 0.220
1248446583.735 16 5.933 0.252
1248446583.735 14 4.077 0.510
1248446583.736 15 4.036 0.545
1248446583.976 2 3.541 -0.066
1248446583.976 3 3.730 0.126
1248446583.976 18 5.813 0.248
1248446583.976 17 5.813 0.280
1248446584.219 18 5.832 0.269
1248446584.219 16 5.813 0.332
1248446584.954 18 5.697 0.279
1248446584.954 16 5.697 0.343
1248446585.446 18 5.697 0.280
1248446586.938 18 5.585 0.377
1248446587.415 18 5.406 0.380
1248446587.415 16 5.342 0.446
1248446587.667 18 5.479 0.381
1248446587.667 16 5.376 0.448
1248446587.931 18 5.383 0.383
1248446587.931 16 5.376 0.450
1248446588.430 17 5.277 0.497
1248446588.430 16 5.182 0.529
1248446588.680 17 5.229 0.504
1248446588.680 16 5.182 0.532
1248446588.930 3 3.267 0.442
1248446589.182 3 3.231 0.462
1248446589.182 16 5.090 0.541
1248446589.433 5 3.817 -0.155
1248446589.433 2 3.541 0.163
1248446589.433 3 3.196 0.464
1248446589.433 17 5.182 0.509
1248446589.434 16 5.090 0.541
1248446589.917 3 3.065 0.569
1248446590.158 2 3.499 0.255
1248446592.041 15 3.720 0.555
1248446592.513 3 3.418 0.029
1248446592.981 15 4.142 0.232
1248446593.214 14 4.084 0.141
1248446593.450 14 4.142 0.068
1248446593.451 15 4.142 0.115
1248446593.451 20 5.903 0.133
1248446593.688 15 4.142 0.061
1248446594.408 20 5.813 -0.059
1248446594.873 15 4.084 -0.081
1248446595.559 15 4.028 -0.083
1248446595.792 20 5.813 -0.069
1248446596.025 20 5.697 -0.070
1248446596.996 14 3.817 -0.124
1248446597.463 15 3.919 -0.085
1248446597.933 20 5.585 -0.064
1248446598.866 20 5.479 -0.074
1248446599.099 20 5.585 -0.071
1248446600.033 15 3.732 -0.091
1248446600.033 20 5.479 -0.078
1248446600.498 20 5.427 -0.077
1248446600.742 20 5.376 -0.075
1248446601.508 15 3.674 -0.133
1248446601.509 20 5.376 -0.120
1248446604.448 20 5.182 -0.124
1248446605.633 20 5.090 -0.135
1248446605.871 20 5.090 -0.134
1248446607.080 15 3.231 -0.156
1248446607.081 20 4.992 -0.131
1248446608.969 20 4.833 -0.138
1248446609.205 20 4.833 -0.138
1248446609.441 20 4.833 -0.141
1248446609.931 20 4.833 -0.144
1248446610.179 20 4.754 -0.140
1248446611.641 20 4.677 -0.145
1248446612.130 20 4.677 -0.146
1248446612.622 20 4.602 -0.148
1248446613.495 20 4.530 -0.140
1248446613.984 20 4.530 -0.144
1248446628.414 20 3.817 -0.055
1248446629.111 20 3.817 0.023
1248446629.579 20 3.743 0.131
1248446629.815 20 3.724 0.134
1248446630.974 19 3.674 0.258
1248446631.439 14 1.892 0.155
1248446631.439 15 1.931 0.257
1248446631.678 19 3.434 0.447
1248446631.914 16 3.725 -0.078
1248446631.914 20 3.246 0.500
1248446633.330 16 3.584 0.212
1248446633.330 14 1.588 0.530
1248446633.793 17 3.614 0.234
1248446633.793 16 3.501 0.285
1248446634.024 16 3.499 0.289
1248446634.716 17 3.554 0.237
1248446634.716 16 3.452 0.289
1248446634.949 17 3.555 0.237
1248446634.949 16 3.437 0.288
1248446635.182 17 3.547 0.237
1248446635.182 16 3.458 0.288
1248446635.414 17 3.556 0.237
1248446635.415 16 3.461 0.289
1248446635.647 17 3.549 0.237
1248446635.647 16 3.468 0.288
1248446636.117 17 3.543 0.240
1248446636.117 16 3.425 0.292
1248446636.576 17 3.524 0.238
1248446636.576 16 3.455 0.289
1248446637.033 16 3.267 0.422
1248446637.266 5 2.780 -0.185
1248446637.266 16 3.068 0.553
1248446637.496 18 3.162 0.531
1248446637.727 1 1.738 0.387
1248446637.959 1 1.713 0.421
1248446638.422 1 1.727 0.433
1248446638.655 5 2.723 -0.018
1248446638.655 1 1.712 0.439
1248446638.892 1 1.718 0.443
1248446639.131 1 1.714 0.450
1248446639.389 1 1.707 0.459
1248446639.622 1 1.714 0.463
1248446640.109 5 2.614 -0.046
1248446640.109 1 1.696 0.474
1248446640.354 1 1.697 0.480
1248446640.587 5 2.600 -0.054
1248446640.840 5 2.600 -0.059
1248446640.840 1 1.709 0.490
1248446641.310 1 1.684 0.509
1248446641.798 5 2.468 0.062
1248446642.026 5 2.424 0.146
1248446642.258 5 2.386 0.184
1248446642.490 5 2.349 0.188
1248446642.723 5 2.332 0.191
1248446642.958 5 2.314 0.191
1248446643.499 5 2.268 0.188
1248446643.732 5 2.220 0.184
1248446643.977 5 2.198 0.175
1248446644.208 5 2.186 0.172
1248446644.672 5 2.143 0.170
1248446645.141 5 2.087 0.163
1248446645.607 5 2.058 0.155
1248446646.076 5 1.951 0.282
1248446646.313 5 1.917 0.309
1248446646.547 5 1.912 0.306
1248446646.781 5 1.890 0.300
1248446647.015 5 1.876 0.297
1248446647.251 5 1.862 0.294
1248446647.485 5 1.848 0.289
1248446647.754 5 1.836 0.286
1248446648.002 5 1.814 0.280
1248446648.232 5 1.816 0.291
1248446648.461 5 1.718 0.393
1248446648.691 5 1.648 0.473
1248446648.922 5 1.559 0.560
1248446651.325 2 2.002 -0.162
1248446651.557 2 1.991 -0.200
1248446653.667 5 1.259 0.542
1248446653.981 5 1.261 0.527
1248446654.283 5 1.262 0.511
1248446654.586 5 1.268 0.496
1248446654.887 5 1.276 0.476
1248446655.190 5 1.282 0.464
1248446655.492 5 1.290 0.449
1248446655.793 5 1.298 0.435
1248446656.094 5 1.306 0.416
1248446656.396 5 1.309 0.404
1248446656.698 5 1.317 0.388
1248446657.001 5 1.321 0.373
1248446657.303 5 1.329 0.355
1248446657.606 5 1.334 0.342
1248446657.908 5 1.341 0.324
1248446658.211 5 1.346 0.309
1248446658.514 5 1.352 0.292
1248446658.816 5 1.356 0.278
1248446659.118 5 1.360 0.262
1248446659.421 5 1.364 0.247
1248446659.722 5 1.365 0.232
1248446660.025 5 1.372 0.216
1248446660.328 5 1.374 0.203
1248446660.629 5 1.377 0.189
1248446660.930 5 1.379 0.172
1248446661.232 5 1.380 0.158
1248446661.535 5 1.382 0.148
1248446661.837 5 1.383 0.133
1248446662.138 5 1.387 0.115
1248446662.440 5 1.389 0.104
1248446662.741 5 1.391 0.088
1248446663.042 5 1.390 0.075
1248446663.331 5 1.390 0.062
1248446663.634 5 1.390 0.053
1248446663.935 5 1.389 0.035
1248446664.237 5 1.389 0.023
1248446664.538 5 1.390 0.009
1248446664.840 5 1.390 -0.004
1248446665.141 5 1.388 -0.015
1248446665.442 5 1.389 -0.028
1248446665.744 5 1.387 -0.041
1248446666.042 5 1.384 -0.054
1248446666.347 5 1.381 -0.064
1248446666.644 5 1.382 -0.079
1248446666.940 5 1.378 -0.093
1248446667.236 5 1.380 -0.105
1248446667.532 5 1.378 -0.117
1248446667.834 5 1.374 -0.125
1248446668.140 5 1.376 -0.142
1248446668.443 5 1.375 -0.155
1248446668.746 5 1.374 -0.167
1248446669.048 5 1.367 -0.170
1248446669.352 5 1.364 -0.182
1248446669.654 5 1.367 -0.190
1248446669.957 5 1.362 -0.202
1248446670.259 5 1.363 -0.208
1248446670.562 5 1.363 -0.219
1248446670.865 5 1.358 -0.230
1248446671.169 5 1.356 -0.240
1248446671.774 5 1.350 -0.263
1248446672.077 5 1.345 -0.277
1248446672.683 5 1.334 -0.297
1248446672.986 5 1.339 -0.303
1248446673.885 5 1.329 -0.331
1248446843.418 18 2.626 0.565
1248446843.655 17 2.652 0.550
1248446843.892 17 2.633 0.559
1248446844.369 17 2.619 0.557
1248446844.606 17 2.607 0.560
1248446844.843 17 2.616 0.556
1248446845.083 18 2.658 0.498
1248446845.083 17 2.590 0.558
1248446845.323 17 2.582 0.560
1248446845.561 17 2.578 0.563
1248446845.796 17 2.585 0.549
1248446846.035 17 2.679 0.481
1248446846.035 16 2.600 0.545
1248446846.274 16 2.580 0.549
1248446846.512 16 2.563 0.553
1248446846.752 16 2.572 0.553
1248446846.992 16 2.559 0.548
1248446847.230 18 2.685 0.424
1248446847.230 16 2.547 0.555
1248446847.462 16 2.540 0.551
1248446847.698 16 2.630 0.477
1248446848.177 17 2.686 0.403
1248446848.177 16 2.611 0.469
1248446848.414 16 2.601 0.480
1248446848.651 16 2.604 0.480
1248446848.889 16 2.582 0.477
1248446849.156 16 2.581 0.483
1248446849.390 16 2.663 0.400
1248446849.863 16 2.641 0.394
1248446850.101 16 2.642 0.392
1248446850.338 16 2.638 0.399
1248446850.568 16 2.636 0.395
1248446850.800 16 2.622 0.392
1248446851.037 16 2.609 0.401
1248446851.274 16 2.607 0.402
1248446851.509 16 2.634 0.368
1248446851.752 18 2.705 0.195
1248446851.752 17 2.688 0.262
1248446851.752 16 2.642 0.333
1248446851.987 18 2.704 0.182
1248446851.987 17 2.693 0.250
1248446851.987 16 2.651 0.321
1248446852.230 17 2.698 0.245
1248446852.230 16 2.664 0.317
1248446852.469 16 2.645 0.314
1248446852.725 16 2.639 0.324
1248446852.971 16 2.621 0.324
1248446853.292 17 2.681 0.205
1248446853.536 16 2.681 0.232
1248446854.026 16 2.640 0.234
1248446854.272 16 2.638 0.242
1248446854.518 16 2.617 0.244
1248446855.244 2 1.372 0.429
1248446855.490 2 1.333 0.442
1248446855.734 16 2.633 0.061
1248446855.734 2 1.322 0.441
1248446855.991 19 2.944 0.564
1248446856.233 16 2.604 -0.098
1248446856.233 19 3.025 0.506
1248446856.233 20 2.928 0.562
1248446856.478 19 3.025 0.500
1248446856.478 20 2.915 0.561
1248446856.720 19 3.026 0.494
1248446856.720 20 2.940 0.559
1248446856.960 20 2.915 0.558
1248446857.196 20 2.909 0.560
1248446857.424 19 3.000 0.502
1248446857.424 20 2.893 0.560
1248446857.896 20 2.865 0.567
1248446858.845 20 2.973 0.498
1248446859.084 20 2.980 0.486
1248446859.587 20 3.065 0.400
1248446862.703 16 2.433 -0.014
1248446862.931 16 2.424 0.070
1248446863.259 16 2.395 0.179
1248446863.507 16 2.397 0.203
1248446863.766 16 2.397 0.204
1248446864.004 18 2.405 0.077
1248446864.004 17 2.408 0.159
1248446864.005 16 2.381 0.241
1248446864.245 18 2.405 0.115
1248446864.245 17 2.391 0.208
1248446864.246 16 2.368 0.292
1248446864.483 18 2.386 0.182
1248446864.484 17 2.375 0.267
1248446864.484 16 2.332 0.352
1248446864.724 18 2.355 0.213
1248446864.724 17 2.352 0.292
1248446864.725 16 2.291 0.373
1248446864.962 17 2.396 0.198
1248446864.962 16 2.359 0.278
1248446865.440 18 2.409 -0.040
1248446865.440 17 2.430 0.038
1248446865.440 16 2.421 0.119
1248446865.680 18 2.405 -0.035
1248446865.681 17 2.437 0.039
1248446865.681 16 2.430 0.120
1248446865.940 16 2.427 0.135
1248446866.178 18 2.405 -0.002
1248446866.178 17 2.425 0.077
1248446866.179 16 2.424 0.157
1248446866.420 17 2.443 0.029
1248446866.420 16 2.443 0.109
1248446866.657 16 2.427 0.114
1248446866.895 16 2.440 0.043
1248446867.133 16 2.441 0.039
1248446867.364 16 2.442 0.006
1248446867.596 16 2.436 -0.090
1248446867.832 19 2.826 0.534
1248446868.069 16 2.430 -0.113
1248446868.069 19 2.830 0.534
1248446868.303 19 2.822 0.543
1248446868.530 19 2.770 0.570
1248446869.452 20 3.051 0.376
1248446869.685 20 3.036 0.377
1248446869.935 20 3.017 0.395
1248446870.170 19 3.026 0.393
1248446870.170 20 2.956 0.449
1248446870.402 19 3.065 0.386
1248446870.865 20 3.162 0.222
1248446871.097 19 3.178 0.157
1248446871.098 14 1.302 0.540
1248446871.330 14 1.305 0.533
1248446871.560 20 3.162 0.249
1248446871.784 20 3.139 0.256
1248446872.243 14 1.345 0.462
1248446872.477 20 3.212 0.118
1248446872.711 14 1.346 0.456
1248446872.942 14 1.346 0.463
1248446873.646 14 1.413 0.309
1248446873.646 15 1.586 0.369
1248446873.879 14 1.412 0.318
1248446874.110 14 1.409 0.321
1248446874.571 15 1.631 0.249
1248446874.807 15 1.634 0.251
1248446875.039 20 3.231 -0.114
1248446875.039 14 1.454 0.191
1248446877.590 15 1.538 0.190
1248446877.824 15 1.538 0.195
1248446883.177 19 2.806 -0.034
1248446883.409 19 2.780 0.055
1248446883.409 20 2.754 0.124
1248446883.644 19 2.749 0.136
1248446883.644 20 2.708 0.205
1248446884.345 20 2.525 0.422
1248446884.576 20 2.453 0.483
1248446884.810 19 2.463 0.459
1248446885.283 19 2.356 0.533
1248446885.519 19 2.341 0.538
1248446886.228 19 2.293 0.545
1248446886.466 19 2.289 0.539
1248446886.937 19 2.236 0.555
1248446887.174 19 2.216 0.556
1248446887.410 19 2.211 0.558
1248446887.876 19 2.181 0.563
1248446888.117 19 2.159 0.566
1248446888.356 19 2.155 0.565
1248446888.589 19 2.130 0.571
1248446888.826 19 2.131 0.568
1248446889.059 19 2.123 0.571
1248446892.088 16 1.648 -0.001
1248446892.320 16 1.631 0.088
1248446892.553 16 1.607 0.158
1248446893.022 16 1.527 0.359
1248446893.260 16 1.465 0.450
1248446893.493 16 1.372 0.572
1248446893.735 18 1.532 0.412
1248446893.735 17 1.433 0.536
1248446894.001 18 1.439 0.544
1248446898.883 12 5.090 0.068
1248446899.349 1 3.584 0.248
1248446899.821 12 4.967 0.203
1248446899.821 13 4.833 0.272
1248446900.055 13 4.916 0.278
1248446900.288 12 4.916 0.210
1248446900.288 13 4.851 0.273
1248446901.447 13 4.754 0.345
1248446901.687 12 4.916 0.311
1248446901.940 13 4.677 0.374
1248446902.639 13 4.530 0.436
1248446902.874 2 2.758 -0.065
1248446903.112 2 2.754 -0.053
1248446903.355 2 2.754 -0.055
1248446903.356 7 7.123 0.066
1248446903.356 8 7.204 0.092
1248446903.356 1 2.924 0.440
1248446903.356 11 4.677 0.451
1248446903.356 13 4.360 0.473
1248446903.596 1 2.884 0.436
1248446903.836 2 2.754 -0.072
1248446903.836 8 7.123 0.076
1248446903.836 1 2.892 0.428
1248446904.552 2 2.734 -0.070
1248446904.552 6 6.948 0.032
1248446904.552 7 7.123 0.053
1248446904.552 8 7.123 0.080
1248446904.552 1 2.760 0.443
1248446904.553 13 4.343 0.460
1248446904.788 2 2.754 -0.078
1248446904.789 7 7.123 0.047
1248446904.789 8 7.123 0.074
1248446904.789 1 2.747 0.438
1248446905.026 2 2.731 -0.076
1248446905.026 6 6.948 0.028
1248446905.026 7 7.123 0.049
1248446905.026 8 7.017 0.077
1248446905.026 1 2.700 0.445
1248446905.264 2 2.746 -0.079
1248446905.264 6 6.948 0.024
1248446905.264 7 7.123 0.047
1248446905.264 8 7.006 0.074
1248446905.264 1 2.681 0.444
1248446905.502 2 2.724 -0.088
1248446905.502 7 6.948 0.032
1248446905.502 1 2.639 0.441
1248446905.976 2 2.732 -0.096
1248446905.976 6 6.782 0.009
1248446905.976 7 6.948 0.030
1248446905.976 8 6.948 0.057
1248446905.976 1 2.573 0.441
1248446906.213 2 2.730 -0.098
1248446906.214 6 6.948 0.012
1248446906.214 7 6.948 0.034
1248446906.214 8 6.920 0.062
1248446906.214 1 2.562 0.439
1248446906.927 2 2.727 -0.098
1248446906.927 6 6.782 0.007
1248446906.927 7 6.948 0.030
1248446906.927 8 6.948 0.057
1248446906.927 9 6.191 0.366
1248446906.927 1 2.457 0.453
1248446907.165 2 2.727 -0.109
1248446907.165 6 6.782 -0.007
1248446907.165 7 6.782 0.021
1248446907.165 8 6.782 0.048
1248446907.165 9 6.191 0.359
1248446907.165 12 4.306 0.380
1248446907.165 1 2.440 0.446
1248446907.403 1 2.389 0.454
1248446907.642 2 2.726 -0.110
1248446907.642 7 6.782 0.028
1248446907.642 12 4.239 0.387
1248446907.642 1 2.374 0.454
1248446907.877 1 2.325 0.456
1248446908.110 8 6.818 0.049
1248446908.110 1 2.301 0.461
1248446908.576 7 6.782 0.013
1248446908.576 1 2.246 0.456
1248446908.810 7 6.782 0.017
1248446908.810 1 2.230 0.463
1248446909.045 1 2.192 0.473
1248446909.282 2 2.730 -0.124
1248446909.282 1 2.168 0.472
1248446909.755 2 2.754 -0.139
1248446909.755 1 2.153 0.452
1248446909.994 9 6.060 0.342
1248446909.994 1 2.080 0.470
1248446910.230 12 4.142 0.393
1248446910.230 1 2.067 0.474
1248446910.693 12 4.070 0.381
1248446910.693 1 1.994 0.470
1248446910.922 7 6.668 -0.013
1248446910.923 1 1.979 0.467
1248446911.156 7 6.624 -0.020
1248446911.156 1 1.953 0.466
1248446911.395 1 1.934 0.455
1248446911.634 10 5.909 0.351
1248446911.634 1 1.924 0.456
1248446911.875 1 1.913 0.457
1248446912.115 2 2.770 -0.153
1248446912.115 7 6.624 -0.008
1248446912.115 10 5.813 0.362
1248446912.115 12 4.028 0.373
1248446912.116 1 1.877 0.474
1248446912.359 2 2.754 -0.154
1248446912.359 7 6.624 -0.009
1248446912.359 10 5.813 0.363
1248446912.359 12 3.977 0.380
1248446912.359 1 1.855 0.466
1248446912.600 2 2.754 -0.169
1248446912.600 7 6.473 -0.024
1248446912.600 8 6.473 0.009
1248446912.600 9 5.933 0.335
1248446912.600 10 5.813 0.354
1248446912.600 12 3.984 0.370
1248446912.600 1 1.812 0.467
1248446912.837 10 5.813 0.348
1248446912.837 1 1.806 0.461
1248446913.301 12 3.973 0.373
1248446913.769 1 1.690 0.458
1248446914.003 8 6.436 -0.010
1248446914.003 1 1.670 0.443
1248446914.470 1 1.601 0.463
1248446914.704 8 6.329 -0.010
1248446914.704 10 5.697 0.343
1248446914.937 1 1.553 0.448
1248446915.172 7 6.329 -0.053
1248446915.172 8 6.329 -0.028
1248446915.410 8 6.329 -0.034
1248446915.886 1 1.457 0.408
1248446916.135 1 1.444 0.399
1248446916.597 1 1.419 0.358
1248446918.222 13 3.817 -0.121
1248446932.103 17 2.580 0.567
1248446932.338 16 2.608 0.561
1248446932.573 16 2.709 0.474
1248446932.811 16 2.773 0.391
1248446933.739 18 2.784 0.205
1248446933.739 16 2.767 0.338
1248446933.972 18 2.765 0.193
1248446933.972 17 2.781 0.261
1248446933.972 16 2.758 0.329
1248446934.209 17 2.780 0.262
1248446934.209 16 2.780 0.326
1248446934.923 18 2.736 0.191
1248446934.923 17 2.758 0.254
1248446934.923 16 2.735 0.323
1248446935.175 18 2.736 0.196
1248446935.176 17 2.755 0.254
1248446935.176 16 2.736 0.323
1248446935.665 17 2.780 0.244
1248446935.665 16 2.730 0.324
1248446935.908 18 2.721 0.215
1248446935.908 17 2.727 0.273
1248446935.908 16 2.690 0.342
1248446936.165 18 2.693 0.222
1248446936.165 17 2.709 0.278
1248446936.165 16 2.681 0.350
1248446936.404 18 2.685 0.219
1248446936.405 17 2.686 0.285
1248446936.405 16 2.664 0.353
1248446936.888 17 2.656 0.296
1248446936.889 16 2.636 0.369
1248446937.128 18 2.634 0.252
1248446937.128 17 2.628 0.310
1248446937.128 16 2.589 0.373
1248446937.588 18 2.613 0.237
1248446937.589 17 2.626 0.305
1248446937.589 16 2.597 0.376
1248446938.049 16 2.585 0.370
1248446938.508 16 2.566 0.362
1248446938.739 16 2.574 0.359
1248446938.971 16 2.574 0.359
1248446939.205 16 2.576 0.359
1248446939.439 16 2.565 0.359
1248446939.671 16 2.575 0.359
1248446939.901 16 2.552 0.373
1248446941.058 16 2.483 0.413
1248446941.752 16 2.456 0.425
1248446941.982 17 2.463 0.345
1248446942.672 16 2.446 0.409
1248446942.909 17 2.467 0.341
1248446942.909 16 2.437 0.415
1248446943.145 18 2.443 0.291
1248446943.146 17 2.433 0.356
1248446943.146 16 2.407 0.428
1248446943.381 18 2.431 0.285
1248446943.382 17 2.437 0.357
1248446943.382 16 2.397 0.432
1248446943.845 17 2.391 0.368
1248446944.080 18 2.368 0.313
1248446944.080 17 2.376 0.377
1248446944.081 16 2.336 0.453
1248446944.778 16 2.317 0.456
1248446945.012 17 2.356 0.379
1248446945.012 16 2.317 0.456
1248446945.244 16 2.315 0.456
1248446945.483 16 2.324 0.456
1248446945.714 16 2.319 0.455
1248446945.953 17 2.346 0.383
1248446945.953 16 2.317 0.459
1248446947.140 18 2.263 0.325
1248446947.140 17 2.251 0.395
1248446947.603 17 2.269 0.391
1248446947.839 16 2.238 0.467
1248446948.070 17 2.257 0.388
1248446948.070 16 2.218 0.468
1248446948.304 16 2.225 0.474
1248446948.767 16 2.185 0.488
1248446948.999 16 2.142 0.510
1248446949.922 16 2.128 0.512
1248446950.155 16 2.134 0.512
1248446950.393 18 2.171 0.353
1248446950.393 17 2.166 0.432
1248446950.393 16 2.132 0.512
1248446950.642 18 2.172 0.355
1248446950.642 17 2.169 0.432
1248446950.642 16 2.131 0.512
1248446950.879 16 2.131 0.514
1248446951.145 16 2.093 0.530
1248446951.391 16 2.103 0.527
1248446951.623 16 2.077 0.538
1248446951.855 16 2.044 0.553
1248446953.033 18 2.040 0.399
1248446953.033 17 2.035 0.479
1248446953.033 16 1.992 0.558
1248446953.503 16 1.986 0.567
1248446953.793 17 1.994 0.501
1248446954.071 17 1.969 0.510
1248446954.305 18 1.956 0.441
1248446954.305 17 1.953 0.515
1248446954.541 18 1.959 0.435
1248446954.542 17 1.954 0.519
1248446955.011 18 1.894 0.478
1248446955.011 17 1.885 0.554
1248446955.245 18 1.876 0.472
1248446955.245 17 1.864 0.552
1248446955.947 18 1.874 0.475
1248446955.947 17 1.862 0.553
1248446956.422 18 1.857 0.481
1248446956.422 17 1.843 0.560
1248446956.661 18 1.852 0.483
1248446956.661 17 1.845 0.558
1248446956.894 17 1.826 0.566
1248446957.600 18 1.843 0.433
1248446957.600 17 1.836 0.518
1248446957.830 16 1.848 0.565
1248446958.060 17 1.927 0.381
1248446958.060 16 1.915 0.470
1248446958.540 16 1.934 0.435
1248446958.773 16 1.937 0.435
1248446959.001 16 1.979 0.371
1248446959.721 18 1.946 0.115
1248446959.721 17 2.005 0.202
1248446959.721 16 2.013 0.293
1248446959.953 18 1.959 0.132
1248446959.953 17 2.004 0.202
1248446959.953 16 2.020 0.293
1248446960.186 17 2.011 0.177
1248446960.411 17 2.013 0.109
1248446960.411 16 2.038 0.200
1248446961.328 20 2.851 0.545
1248446961.558 19 2.901 0.486
1248446961.796 20 2.856 0.544
1248446962.023 20 2.856 0.544
1248446962.249 20 2.915 0.494
1248446962.473 20 3.003 0.423
1248446962.703 19 3.096 0.244
1248446962.703 20 3.129 0.302
1248446962.935 19 3.129 0.159
1248446962.935 20 3.162 0.215
1248446963.614 20 3.196 0.046
1248446964.059 14 1.593 0.448
1248446970.511 1 4.217 0.389
1248446970.740 8 6.191 0.537
1248446970.970 5 5.277 0.473
1248446971.200 6 6.329 0.494
1248446971.200 8 6.191 0.542
1248446971.439 5 5.277 0.475
1248446971.439 8 6.329 0.536
1248446971.687 7 6.329 0.511
1248446971.687 8 6.329 0.536
1248446972.147 1 4.172 0.308
1248446972.147 5 5.479 0.416
1248446972.609 5 5.479 0.409
1248446972.609 2 3.973 0.508
1248446972.842 1 4.142 0.288
1248446972.842 5 5.479 0.411
1248446972.842 7 6.624 0.445
1248446973.150 8 6.473 0.465
1248446973.150 2 3.973 0.503
1248446973.379 6 6.473 0.422
1248446973.615 2 3.919 0.503
1248446973.857 1 4.142 0.275
1248446973.858 5 5.376 0.416
1248446973.858 8 6.473 0.467
1248446973.858 2 3.868 0.507
1248446974.086 1 4.084 0.273
1248446974.086 8 6.473 0.470
1248446974.315 5 5.479 0.417
1248446974.315 2 3.902 0.500
1248446974.781 2 3.817 0.507
1248446975.015 5 5.376 0.423
1248446975.246 8 6.329 0.468
1248446975.246 2 3.720 0.509
1248446975.494 1 3.937 0.265
1248446975.494 5 5.376 0.432
1248446975.494 2 3.768 0.514
1248446975.721 1 3.933 0.258
1248446975.721 2 3.674 0.513
1248446975.951 1 3.919 0.260
1248446975.951 6 6.329 0.429
1248446975.951 2 3.674 0.518
1248446976.422 2 3.628 0.524
1248446976.651 2 3.584 0.523
1248446976.879 8 6.329 0.485
1248446976.879 2 3.584 0.527
1248446977.108 2 3.503 0.526
1248446977.580 2 3.506 0.526
1248446977.817 1 3.720 0.244
1248446977.817 5 5.182 0.452
1248446977.817 2 3.483 0.528
1248446978.048 1 3.720 0.237
1248446978.048 2 3.466 0.523
1248446978.304 2 3.428 0.522
1248446978.758 1 3.674 0.230
1248446978.988 2 3.359 0.529
1248446979.474 1 3.584 0.219
1248446979.474 6 6.191 0.429
1248446979.474 5 5.236 0.458
1248446979.474 2 3.324 0.525
1248446979.705 1 3.584 0.215
1248446979.705 8 6.191 0.474
1248446979.705 2 3.309 0.524
1248446979.937 1 3.584 0.212
1248446979.937 7 6.329 0.450
1248446979.937 5 5.245 0.456
1248446979.937 8 6.259 0.476
1248446979.937 2 3.303 0.525
1248446980.242 1 3.560 0.209
1248446980.242 5 5.182 0.461
1248446980.242 2 3.303 0.521
1248446980.471 5 5.277 0.461
1248446980.471 2 3.271 0.524
1248446980.705 2 3.267 0.522
1248446980.958 2 3.231 0.524
1248446981.188 2 3.196 0.525
1248446982.772 1 3.065 0.495
1248446982.999 1 3.061 0.490
1248446983.272 1 3.037 0.487
1248446983.499 1 3.040 0.482
1248446983.728 1 3.033 0.480
1248446983.961 1 3.003 0.476
1248446984.414 1 2.976 0.471
1248446984.654 1 3.003 0.467
1248446984.881 1 2.999 0.463
1248446985.107 1 2.973 0.459
1248446985.332 1 2.962 0.456
1248446985.558 1 2.946 0.453
1248446985.784 1 2.946 0.450
1248446986.012 1 2.944 0.444
1248446986.684 1 2.944 0.423
1248446987.138 1 2.887 0.403
1248446987.594 1 2.868 0.389
1248446987.824 1 2.848 0.384
1248446988.057 1 2.862 0.382
1248446988.290 1 2.857 0.378
1248446988.517 1 2.846 0.372
1248446988.985 1 2.811 0.352
1248446989.663 1 2.754 0.320
1248446990.130 1 2.709 0.298
1248446990.358 1 2.705 0.283
1248446990.590 1 2.683 0.276
1248446990.818 1 2.650 0.266
1248446991.044 1 2.634 0.259
1248446991.271 1 2.617 0.246
1248446991.742 1 2.613 0.237
1248446991.975 1 2.597 0.219
1248446994.030 2 2.443 0.148
1248446994.030 12 3.973 0.394
1248446994.030 13 3.817 0.464
1248446995.175 13 4.028 0.234
1248446995.635 11 4.393 0.146
1248446995.866 12 4.212 0.111
1248446995.866 13 4.084 0.182
1248446996.097 10 6.060 0.096
1248446996.097 13 4.040 0.183
1248446996.327 12 4.170 0.111
1248446996.327 13 4.071 0.183
1248446996.559 11 4.345 0.150
1248446996.559 13 4.070 0.183
1248446996.798 11 4.327 0.152
1248446996.798 13 4.084 0.181
1248446997.029 12 4.202 0.096
1248446997.714 12 4.162 -0.053
1248446997.714 13 4.142 0.018
1248446997.943 13 4.142 -0.062
1248447042.628 18 2.918 0.564
1248447042.858 16 3.038 0.547
1248447043.323 16 3.231 0.384
1248447043.803 17 3.303 0.248
1248447044.046 16 3.379 0.179
1248447044.499 16 3.418 0.020
1248447044.723 16 3.418 -0.071
1248447044.947 14 2.286 0.567
1248447045.170 14 2.312 0.542
1248447045.848 20 4.202 0.315
1248447045.848 15 2.463 0.558
1248447046.075 20 4.239 0.317
1248447046.075 15 2.463 0.556
1248447046.303 20 4.214 0.306
1248447046.303 15 2.463 0.558
1248447046.529 19 4.213 0.270
1248447046.529 15 2.463 0.555
1248447046.756 20 4.202 0.306
1248447046.756 15 2.443 0.557
1248447046.983 20 4.202 0.306
1248447046.983 14 2.335 0.524
1248447047.210 19 4.216 0.270
1248447047.210 15 2.463 0.557
1248447047.437 19 4.226 0.270
1248447047.437 15 2.463 0.556
1248447047.664 20 4.237 0.318
1248447047.664 15 2.468 0.556
1248447047.894 20 4.220 0.314
1248447047.894 15 2.468 0.556
1248447048.122 20 4.202 0.312
1248447048.122 15 2.463 0.555
1248447048.361 16 3.309 -0.157
1248447048.362 19 4.213 0.270
1248447048.362 20 4.202 0.312
1248447048.362 14 2.336 0.523
1248447048.362 15 2.467 0.556
1248447048.608 16 3.307 -0.158
1248447048.608 19 4.227 0.270
1248447048.608 20 4.202 0.312
1248447048.608 14 2.335 0.524
1248447048.608 15 2.463 0.558
1248447048.847 16 3.310 -0.157
1248447048.847 19 4.218 0.270
1248447048.848 20 4.214 0.314
1248447048.848 14 2.333 0.524
1248447048.848 15 2.463 0.556
1248447049.100 16 3.307 -0.158
1248447049.100 19 4.225 0.271
1248447049.100 20 4.202 0.313
1248447049.100 14 2.335 0.524
1248447049.100 15 2.470 0.558
1248447049.341 16 3.310 -0.157
1248447049.341 19 4.218 0.270
1248447049.341 20 4.202 0.312
1248447049.341 14 2.335 0.524
1248447049.341 15 2.467 0.556
1248447049.590 16 3.309 -0.157
1248447049.590 19 4.222 0.270
1248447049.590 20 4.202 0.305
1248447049.591 14 2.333 0.524
1248447049.823 20 4.202 0.313
1248447049.823 15 2.467 0.556
1248447050.050 20 4.202 0.312
1248447050.050 15 2.463 0.557
1248447050.276 20 4.202 0.312
1248447050.276 15 2.463 0.557
1248447050.503 20 4.202 0.312
1248447050.503 15 2.468 0.557
1248447050.730 15 2.483 0.558
1248447050.730 1 3.129 0.572
1248447050.956 1 3.129 0.570
1248447051.188 20 4.202 0.312
1248447051.188 1 3.121 0.569
1248447051.422 20 4.202 0.312
1248447051.423 1 3.125 0.569
1248447051.655 14 2.374 0.486
1248447051.655 1 3.162 0.538
1248447051.888 14 2.358 0.497
1248447052.353 19 4.174 0.289
1248447052.353 14 2.287 0.536
1248447053.283 16 3.231 -0.109
1248447053.284 20 4.028 0.377
1248447054.035 17 3.096 -0.154
1248447054.036 16 3.173 -0.094
1248447054.036 19 3.991 0.351
1248447054.036 20 3.973 0.397
1248447054.526 19 3.973 0.347
1248447054.757 16 3.114 -0.085
1248447055.921 19 3.823 0.391
1248447055.921 20 3.768 0.439
1248447056.148 19 3.817 0.376
1248447056.846 20 3.707 0.456
1248447057.079 19 3.720 0.416
1248447057.079 20 3.643 0.465
1248447057.314 17 2.868 -0.127
1248447057.314 20 3.647 0.462
1248447058.014 19 3.653 0.426
1248447058.014 20 3.567 0.479
1248447058.248 19 3.633 0.426
1248447058.248 20 3.584 0.475
1248447058.481 19 3.592 0.431
1248447058.481 20 3.541 0.482
1248447058.946 19 3.541 0.444
1248447059.887 19 3.450 0.475
1248447060.113 19 3.430 0.475
1248447060.113 20 3.379 0.523
1248447060.346 19 3.412 0.482
1248447060.346 20 3.340 0.530
1248447060.579 19 3.418 0.492
1248447061.045 20 3.267 0.561
1248447061.271 19 3.303 0.504
1248447061.728 16 2.625 0.009
1248447061.965 19 3.231 0.535
1248447062.437 19 3.188 0.546
1248447062.673 19 3.177 0.544
1248447063.377 19 3.105 0.566
1248447063.605 19 3.096 0.571
1248447064.075 19 3.080 0.567
1248447064.312 19 3.041 0.568
1248447065.247 17 2.320 -0.003
1248447066.191 16 2.288 0.082
1248447067.374 16 2.198 0.130
1248447068.562 16 2.106 0.147
1248447069.507 16 2.053 0.155
1248447069.743 16 2.016 0.186
1248447069.980 16 1.991 0.186
1248447070.927 17 1.895 0.114
1248447070.927 16 1.926 0.211
1248447071.160 17 1.881 0.149
1248447071.623 16 1.869 0.238
1248447071.854 16 1.838 0.252
1248447072.313 16 1.848 0.124
1248447072.544 16 1.848 -0.007
1248447073.005 19 2.832 0.452
1248447073.239 20 2.705 0.557
1248447073.471 19 2.621 0.569
1248447073.973 16 1.768 0.042
1248447074.207 16 1.739 0.102
1248447074.442 16 1.733 0.146
1248447074.672 16 1.713 0.193
1248447075.131 16 1.664 0.227
1248447075.369 16 1.651 0.229
1248447075.607 16 1.651 0.234
1248447075.844 16 1.648 0.235
1248447076.553 16 1.600 0.237
1248447076.789 16 1.587 0.239
1248447078.451 17 1.434 0.130
1248447078.451 16 1.472 0.252
1248447078.693 16 1.454 0.244
1248447078.937 16 1.438 0.261
1248447079.671 16 1.389 0.265
1248447080.711 16 1.334 0.278
1248447081.681 16 1.334 0.149
