1248446189.249 14 1.682 0.032
1248446189.479 14 1.648 0.133
1248446189.708 15 1.613 0.045
1248446189.708 14 1.643 0.155
1248446189.938 15 1.609 0.047
1248446189.938 14 1.640 0.157
1248446190.393 15 1.573 0.055
1248446190.393 14 1.603 0.168
1248446191.077 14 1.562 0.174
1248446191.777 15 1.511 0.101
1248446191.777 14 1.542 0.202
1248446192.232 15 1.482 0.145
1248446192.232 14 1.533 0.224
1248446192.698 14 1.490 0.255
1248446192.929 15 1.468 0.137
1248446192.929 14 1.485 0.255
1248446193.116 15 1.468 0.137
1248446193.116 14 1.485 0.255
1248446193.372 15 1.429 0.171
1248446193.372 14 1.438 0.293
1248446194.073 15 1.380 0.193
1248446194.073 14 1.385 0.324
1248446194.306 15 1.390 0.168
1248446194.772 14 1.365 0.281
1248446195.474 15 1.286 0.158
1248446195.474 14 1.301 0.291
1248446195.706 3 2.557 0.211
1248446196.638 3 2.510 0.234
1248446196.638 14 1.239 0.312
1248446196.788 3 2.510 0.234
1248446196.788 14 1.239 0.312
1248446197.558 3 2.438 0.248
1248446197.793 3 2.421 0.247
1248446198.494 15 1.109 0.128
1248446198.494 14 1.130 0.286
1248446199.655 5 1.792 -0.396
1248446200.117 5 1.803 -0.336
1248446200.581 5 1.872 -0.219
1248446200.813 5 1.893 -0.176
1248446201.272 5 1.917 -0.044
1248446201.501 5 1.923 0.013
1248446201.731 5 1.919 0.064
1248446201.960 5 1.905 0.128
1248446202.416 5 1.881 0.226
1248446202.643 5 1.870 0.265
1248446203.179 5 1.803 0.369
1248446234.850 4 3.033 0.477
1248446235.799 4 3.002 0.477
1248446236.037 4 3.044 0.475
1248446236.971 5 1.454 0.471
1248446237.206 5 1.437 0.472
1248446237.442 8 7.479 0.156
1248446237.442 5 1.425 0.476
1248446238.145 7 7.284 0.057
1248446238.145 5 1.441 0.411
1248446238.612 8 7.479 0.079
1248446238.612 5 1.403 0.428
1248446239.076 4 3.348 0.215
1248446239.307 7 7.284 -0.027
1248446239.307 5 1.406 0.350
1248446239.775 5 1.387 0.345
1248446240.710 7 7.100 -0.112
1248446240.710 5 1.364 0.282
1248446241.408 7 6.925 -0.202
1248446241.408 5 1.346 0.208
1248446241.636 5 1.335 0.211
1248446241.871 8 7.100 -0.176
1248446241.871 5 1.325 0.211
1248446242.102 5 1.304 0.223
1248446242.333 5 1.294 0.220
1248446242.788 9 7.479 0.004
1248446243.021 5 1.283 0.136
1248446243.340 9 7.284 0.006
1248446243.812 3 1.541 0.435
1248446244.047 9 7.284 -0.084
1248446244.047 3 1.539 0.432
1248446244.515 4 3.387 -0.200
1248446244.983 5 1.164 -0.029
1248446245.456 3 1.532 0.352
1248446245.694 4 3.272 -0.307
1248446245.694 3 1.526 0.350
1248446246.395 3 1.556 0.211
1248446246.633 3 1.556 0.188
1248446246.866 3 1.546 0.184
1248446247.336 3 1.564 0.171
1248446247.577 2 2.289 0.476
1248446247.816 2 2.302 0.470
1248446248.050 3 1.547 0.144
1248446248.525 2 2.357 0.391
1248446248.764 2 2.362 0.389
1248446249.000 2 2.356 0.383
1248446249.236 2 2.411 0.318
1248446249.474 2 2.425 0.303
1248446249.714 3 1.488 -0.023
1248446249.714 2 2.412 0.291
1248446249.953 2 2.398 0.287
1248446250.194 2 2.400 0.282
1248446250.428 3 1.451 -0.067
1248446250.905 2 2.432 0.193
1248446251.376 2 2.430 0.142
1248446251.609 3 1.363 -0.233
1248446251.609 2 2.430 0.104
1248446251.846 2 2.430 0.051
1248446252.084 2 2.420 0.003
1248446252.320 2 2.406 -0.072
1248446252.548 2 2.386 -0.135
1248446252.778 2 2.376 -0.183
1248446253.008 2 2.331 -0.251
1248446253.600 2 2.310 -0.296
1248446253.840 2 2.307 -0.297
1248446254.079 2 2.300 -0.310
1248446254.316 2 2.281 -0.317
1248446254.552 2 2.268 -0.327
1248446254.788 2 2.268 -0.333
1248446255.026 2 2.249 -0.338
1248446255.501 2 2.222 -0.359
1248446255.739 2 2.224 -0.364
1248446255.977 2 2.207 -0.371
1248446256.217 2 2.183 -0.388
1248446256.456 2 2.171 -0.394
1248446256.936 2 2.150 -0.413
1248446257.171 2 2.147 -0.423
1248446257.408 2 2.133 -0.431
1248446257.650 2 2.123 -0.440
1248446257.893 2 2.114 -0.449
1248446258.373 2 2.086 -0.466
1248446258.614 2 2.075 -0.478
1248446258.852 2 2.074 -0.483
1248446259.093 2 2.061 -0.486
1248446259.333 2 2.052 -0.499
1248446259.576 2 2.045 -0.503
1248446259.817 2 2.029 -0.515
1248446260.055 2 2.038 -0.526
1248446260.294 2 2.033 -0.527
1248446260.533 2 1.999 -0.544
1248446260.771 2 1.993 -0.555
1248446261.002 2 1.975 -0.563
1248446261.236 2 1.969 -0.569
1248446261.472 2 1.967 -0.572
1248446263.202 2 2.014 -0.533
1248446263.437 2 2.124 -0.422
1248446263.674 2 2.170 -0.346
1248446263.906 2 2.241 -0.232
1248446264.372 13 4.364 -0.345
1248446264.372 2 2.296 -0.083
1248446264.602 2 2.299 0.025
1248446265.102 3 1.400 -0.198
1248446265.103 12 4.592 -0.091
1248446265.103 13 4.649 -0.029
1248446265.103 2 2.264 0.204
1248446265.339 11 4.805 0.016
1248446265.339 2 2.230 0.274
1248446265.573 3 1.404 -0.059
1248446265.573 2 2.199 0.319
1248446265.807 3 1.381 0.006
1248446265.807 2 2.150 0.369
1248446266.043 8 6.304 -0.280
1248446266.043 2 2.120 0.395
1248446266.280 4 3.670 -0.214
1248446266.280 2 2.122 0.398
1248446266.511 2 2.181 0.318
1248446266.743 2 2.219 0.260
1248446266.976 2 2.245 0.206
1248446267.208 2 2.272 0.131
1248446267.439 2 2.269 0.079
1248446267.672 2 2.264 0.027
1248446267.906 2 2.264 -0.038
1248446268.141 2 2.242 -0.082
1248446268.377 2 2.281 -0.106
1248446269.320 2 2.153 -0.280
1248446269.558 2 2.118 -0.324
1248446269.795 2 2.096 -0.365
1248446270.031 2 2.040 -0.422
1248446271.435 2 2.059 -0.405
1248446271.669 2 2.107 -0.330
1248446281.882 13 3.212 -0.567
1248446282.591 13 3.272 -0.525
1248446282.831 12 3.309 -0.568
1248446283.414 11 3.427 -0.532
1248446283.414 13 3.277 -0.500
1248446283.876 13 3.510 -0.340
1248446284.105 12 3.598 -0.323
1248446284.105 13 3.592 -0.242
1248446284.574 13 3.548 -0.243
1248446284.808 13 3.585 -0.245
1248446285.045 12 3.525 -0.314
1248446285.045 13 3.536 -0.242
1248446285.517 10 5.250 -0.345
1248446285.517 13 3.506 -0.245
1248446285.753 12 3.468 -0.328
1248446285.753 13 3.504 -0.248
1248446285.985 13 3.510 -0.198
1248446286.217 13 3.554 -0.086
1248446286.682 13 3.598 -0.002
1248446286.916 10 5.452 -0.087
1248446286.916 13 3.565 0.011
1248446287.378 10 5.452 -0.083
1248446287.610 13 3.504 0.012
1248446287.843 8 5.349 -0.463
1248446287.843 13 3.481 0.013
1248446288.074 2 2.474 -0.174
1248446288.074 13 3.479 0.028
1248446288.304 12 3.554 0.009
1248446288.304 13 3.468 0.086
1248446288.535 2 2.527 -0.086
1248446288.535 13 3.427 0.117
1248446288.767 2 2.504 -0.060
1248446288.767 13 3.409 0.152
1248446289.001 2 2.513 -0.058
1248446289.001 13 3.398 0.156
1248446289.234 7 5.452 -0.344
1248446289.234 13 3.377 0.162
1248446289.469 12 3.460 0.083
1248446289.469 13 3.394 0.155
1248446289.703 10 5.349 0.058
1248446289.703 13 3.348 0.155
1248446290.639 2 2.457 -0.089
1248446290.640 13 3.272 0.168
1248446290.874 9 5.349 0.040
1248446290.874 13 3.272 0.163
1248446291.342 12 3.322 0.077
1248446291.342 13 3.236 0.154
1248446291.813 12 3.283 0.059
1248446291.813 13 3.208 0.141
1248446292.047 9 5.349 0.013
1248446292.047 10 5.250 0.036
1248446292.047 12 3.270 0.058
1248446292.047 11 3.437 0.101
1248446292.047 13 3.200 0.141
1248446292.285 2 2.420 -0.153
1248446292.286 10 5.250 0.042
1248446292.286 12 3.261 0.066
1248446292.286 11 3.427 0.105
1248446292.286 13 3.162 0.149
1248446292.524 6 5.062 -0.404
1248446292.524 7 5.250 -0.375
1248446292.524 8 5.250 -0.343
1248446292.524 2 2.407 -0.150
1248446292.524 9 5.349 0.029
1248446292.524 10 5.154 0.052
1248446292.524 12 3.230 0.074
1248446292.524 13 3.152 0.160
1248446292.762 2 2.407 -0.154
1248446292.762 12 3.224 0.076
1248446292.762 13 3.131 0.158
1248446293.000 2 2.411 -0.168
1248446293.000 12 3.200 0.068
1248446293.000 13 3.120 0.153
1248446293.317 10 5.154 0.028
1248446293.317 13 3.098 0.144
1248446293.548 12 3.165 0.048
1248446293.548 13 3.080 0.136
1248446294.019 12 3.113 0.059
1248446294.019 13 3.027 0.148
1248446294.253 10 5.062 0.040
1248446294.253 13 3.036 0.151
1248446294.488 10 5.062 0.043
1248446294.488 13 3.008 0.158
1248446294.720 2 2.353 -0.210
1248446295.000 2 2.348 -0.203
1248446295.000 12 3.072 0.083
1248446295.000 13 2.981 0.168
1248446295.238 10 4.974 0.056
1248446295.238 12 3.060 0.067
1248446295.469 10 4.952 0.048
1248446295.469 13 2.922 0.164
1248446295.700 10 4.888 0.042
1248446295.700 13 2.912 0.148
1248446295.926 9 4.974 0.008
1248446295.926 13 2.886 0.149
1248446296.156 9 5.062 0.010
1248446296.157 13 2.893 0.149
1248446296.386 9 4.974 0.016
1248446296.386 13 2.866 0.163
1248446296.619 10 4.888 0.039
1248446296.619 13 2.912 0.148
1248446296.852 6 4.805 -0.438
1248446296.852 13 2.881 0.160
1248446297.086 8 4.974 -0.370
1248446297.087 13 2.866 0.158
1248446297.320 9 4.974 0.012
1248446297.320 13 2.827 0.158
1248446297.552 2 2.200 -0.302
1248446297.552 13 2.827 0.156
1248446297.785 10 4.805 0.032
1248446297.785 13 2.800 0.158
1248446298.018 10 4.805 0.029
1248446298.019 13 2.807 0.152
1248446298.484 13 2.781 0.162
1248446298.718 10 4.726 0.036
1248446298.718 13 2.741 0.159
1248446298.953 12 2.841 0.058
1248446298.953 13 2.748 0.154
1248446299.186 12 2.855 0.041
1248446299.420 12 2.814 0.057
1248446299.420 13 2.722 0.156
1248446299.888 13 2.687 0.147
1248446301.050 10 4.649 0.026
1248446301.050 13 2.587 0.160
1248446301.748 10 4.574 0.029
1248446301.748 13 2.541 0.167
1248446302.214 10 4.574 0.013
1248446302.214 13 2.525 0.146
1248446302.679 9 4.574 -0.001
1248446302.679 13 2.459 0.166
1248446303.250 12 2.518 0.047
1248446303.250 13 2.444 0.158
1248446303.716 10 4.386 0.006
1248446303.716 13 2.397 0.149
1248446303.954 10 4.432 0.004
1248446303.954 12 2.464 0.040
1248446303.954 13 2.399 0.151
1248446304.193 6 4.235 -0.522
1248446304.194 10 4.364 0.019
1248446304.194 12 2.453 0.051
1248446304.194 11 2.617 0.107
1248446304.194 13 2.373 0.164
1248446304.669 9 4.502 -0.011
1248446304.669 10 4.327 0.018
1248446304.669 12 2.412 0.050
1248446304.670 11 2.581 0.108
1248446304.670 13 2.333 0.166
1248446304.907 10 4.345 0.011
1248446304.907 12 2.399 0.047
1248446304.907 11 2.569 0.103
1248446304.908 13 2.319 0.161
1248446305.152 8 4.298 -0.468
1248446305.152 13 2.288 0.154
1248446305.393 9 4.364 -0.025
1248446305.393 10 4.292 0.005
1248446305.393 12 2.362 0.038
1248446305.394 11 2.540 0.096
1248446305.394 13 2.290 0.157
1248446305.870 7 4.173 -0.520
1248446305.871 9 4.364 -0.039
1248446305.871 10 4.260 -0.008
1248446305.871 12 2.318 0.027
1248446305.871 11 2.495 0.086
1248446305.871 13 2.247 0.148
1248446306.344 6 3.998 -0.548
1248446306.344 7 4.173 -0.509
1248446306.344 10 4.212 0.006
1248446306.344 12 2.286 0.041
1248446306.344 11 2.453 0.105
1248446306.344 13 2.204 0.165
1248446306.580 8 4.235 -0.480
1248446306.580 12 2.267 0.036
1248446306.580 13 2.217 0.149
1248446306.815 6 3.943 -0.567
1248446306.815 9 4.298 -0.031
1248446306.815 10 4.173 -0.003
1248446306.815 12 2.242 0.033
1248446306.815 11 2.420 0.094
1248446306.815 13 2.170 0.158
1248446307.286 12 2.215 0.032
1248446307.286 13 2.141 0.158
1248446307.988 13 2.098 0.167
1248446308.452 13 2.093 0.148
1248446308.686 12 2.139 0.027
1248446308.686 13 2.067 0.160
1248446308.922 13 2.080 0.137
1248446309.388 8 3.998 -0.519
1248446309.388 13 2.022 0.163
1248446309.854 13 1.991 0.149
1248446310.087 10 3.998 -0.014
1248446310.087 13 1.975 0.156
1248446310.319 12 2.021 0.037
1248446310.319 13 1.948 0.169
1248446311.013 10 3.897 -0.028
1248446311.013 13 1.909 0.154
1248446311.478 13 1.874 0.158
1248446311.712 12 1.919 0.019
1248446311.712 13 1.852 0.167
1248446311.945 12 1.901 0.017
1248446311.945 13 1.831 0.167
1248446312.177 13 1.858 0.142
1248446312.644 12 1.853 -0.001
1248446312.644 13 1.790 0.152
1248446313.233 10 3.738 -0.034
1248446313.233 13 1.766 0.161
1248446313.464 10 3.738 -0.032
1248446313.464 11 1.976 0.091
1248446313.698 11 1.949 0.094
1248446313.698 13 1.711 0.176
1248446313.932 12 1.768 0.014
1248446314.166 12 1.747 0.033
1248446314.166 13 1.676 0.197
1248446314.630 10 3.643 -0.019
1248446314.630 13 1.678 0.166
1248446315.096 10 3.608 -0.009
1248446315.096 13 1.612 0.201
1248446315.561 13 1.579 0.210
1248446315.793 10 3.598 -0.014
1248446316.260 13 1.528 0.194
1248446316.494 13 1.515 0.209
1248446316.727 13 1.484 0.210
1248446316.961 12 1.541 0.017
1248446316.961 13 1.473 0.204
1248446317.193 12 1.549 -0.010
1248446317.426 13 1.468 0.174
1248446317.658 12 1.490 0.007
1248446317.658 13 1.427 0.201
1248446318.356 12 1.436 -0.003
1248446318.356 13 1.376 0.200
1248446319.057 12 1.382 0.007
1248446319.057 13 1.319 0.216
1248446319.288 10 3.272 -0.050
1248446320.217 12 1.295 -0.006
1248446320.217 13 1.235 0.220
1248446320.451 13 1.223 0.219
1248446320.685 11 1.442 0.111
1248446320.917 13 1.188 0.236
1248446321.613 13 1.111 0.327
1248446321.843 11 1.331 0.263
1248446321.843 13 1.084 0.378
1248446322.301 12 1.124 0.297
1248446322.301 11 1.241 0.419
1248446322.527 8 3.690 -0.224
1248446323.280 7 3.787 -0.081
1248446323.280 8 3.738 -0.037
1248446323.511 7 3.779 -0.036
1248446323.511 8 3.714 0.009
1248446323.973 7 3.738 0.063
1248446323.973 8 3.649 0.110
1248446324.206 6 3.659 0.030
1248446324.206 8 3.661 0.121
1248446324.439 8 3.638 0.125
1248446324.923 6 3.634 0.033
1248446324.923 8 3.602 0.127
1248446325.630 8 3.427 0.288
1248446325.864 7 3.519 0.252
1248446326.100 8 3.387 0.306
1248446326.336 7 3.485 0.257
1248446326.336 8 3.397 0.295
1248446326.569 7 3.473 0.258
1248446326.569 8 3.371 0.304
1248446327.502 8 3.285 0.314
1248446327.735 7 3.378 0.270
1248446327.969 7 3.364 0.269
1248446327.969 8 3.272 0.317
1248446328.436 7 3.348 0.268
1248446328.436 8 3.221 0.320
1248446328.671 7 3.387 0.263
1248446328.671 8 3.220 0.322
1248446328.907 8 3.200 0.313
1248446329.143 7 3.315 0.271
1248446329.143 8 3.175 0.321
1248446329.377 8 3.151 0.322
1248446329.847 6 3.200 0.229
1248446329.847 7 3.262 0.278
1248446329.847 8 3.137 0.326
1248446330.083 6 3.173 0.228
1248446330.083 7 3.227 0.280
1248446330.083 8 3.102 0.328
1248446330.562 6 3.188 0.230
1248446330.562 7 3.238 0.277
1248446330.562 8 3.134 0.328
1248446330.802 6 3.189 0.230
1248446330.802 7 3.236 0.280
1248446330.802 8 3.127 0.329
1248446331.053 7 3.232 0.279
1248446331.053 8 3.104 0.329
1248446331.289 7 3.239 0.279
1248446331.289 8 3.125 0.329
1248446331.521 8 3.122 0.330
1248446331.976 8 3.100 0.330
1248446332.205 6 3.169 0.230
1248446332.205 7 3.236 0.274
1248446332.438 6 3.102 0.235
1248446332.438 8 3.060 0.335
1248446332.670 7 3.141 0.281
1248446332.670 8 3.039 0.333
1248446332.897 7 3.138 0.282
1248446332.897 8 3.036 0.334
1248446333.199 7 3.117 0.285
1248446333.199 8 2.993 0.336
1248446333.665 8 3.000 0.335
1248446333.897 7 3.089 0.282
1248446333.897 8 2.978 0.334
1248446334.127 6 2.994 0.273
1248446334.357 8 2.827 0.438
1248446334.587 7 2.866 0.459
1248446338.037 2 1.154 0.001
1248446338.265 2 1.159 0.057
1248446351.127 2 1.184 0.085
1248446351.588 4 1.847 -0.155
1248446352.270 2 1.156 0.243
1248446352.499 4 1.870 0.016
1248446353.247 5 2.197 -0.049
1248446353.481 4 1.766 0.366
1248446353.716 4 1.724 0.419
1248446354.183 18 5.559 -0.067
1248446354.183 5 2.181 0.187
1248446354.417 16 5.559 0.042
1248446354.417 14 3.890 0.282
1248446354.653 5 2.136 0.285
1248446355.175 19 5.349 0.407
1248446355.413 18 5.559 0.037
1248446355.413 5 2.144 0.290
1248446355.655 17 5.452 0.074
1248446355.655 16 5.452 0.100
1248446355.655 5 2.137 0.290
1248446355.655 19 5.299 0.412
1248446355.655 20 5.154 0.441
1248446355.894 5 2.152 0.291
1248446356.135 5 2.150 0.286
1248446357.093 17 5.349 0.066
1248446357.093 14 3.643 0.354
1248446357.575 17 5.349 0.069
1248446357.575 5 2.155 0.299
1248446357.815 17 5.349 0.065
1248446357.815 14 3.510 0.366
1248446358.053 16 5.349 0.106
1248446358.292 18 5.349 0.029
1248446358.292 19 5.154 0.422
1248446358.532 5 2.140 0.305
1248446358.775 16 5.250 0.112
1248446358.775 20 4.974 0.452
1248446359.016 17 5.250 0.079
1248446359.016 19 5.062 0.429
1248446359.498 18 5.154 0.041
1248446359.498 5 2.143 0.308
1248446359.742 18 5.154 0.036
1248446359.742 17 5.154 0.068
1248446359.743 16 5.154 0.104
1248446359.743 5 2.150 0.307
1248446359.743 14 3.348 0.383
1248446359.743 20 4.888 0.455
1248446359.986 18 5.154 0.038
1248446359.986 17 5.154 0.074
1248446359.987 16 5.154 0.107
1248446359.987 5 2.144 0.309
1248446359.987 14 3.387 0.382
1248446360.228 17 5.154 0.072
1248446360.228 16 5.154 0.108
1248446360.712 18 5.062 0.043
1248446360.712 17 5.108 0.074
1248446360.712 16 5.088 0.110
1248446360.712 5 2.152 0.314
1248446360.955 18 5.123 0.040
1248446360.956 17 5.154 0.073
1248446360.956 16 5.126 0.109
1248446360.956 5 2.153 0.314
1248446360.956 14 3.303 0.384
1248446360.956 15 3.309 0.430
1248446360.956 19 4.888 0.442
1248446360.956 20 4.805 0.470
1248446361.201 18 5.070 0.041
1248446361.201 17 5.093 0.071
1248446361.201 16 5.072 0.108
1248446361.201 5 2.160 0.317
1248446361.201 14 3.309 0.391
1248446361.201 15 3.335 0.434
1248446361.201 19 4.974 0.444
1248446361.682 18 5.062 0.050
1248446361.922 17 5.062 0.082
1248446361.922 14 3.236 0.390
1248446362.162 17 5.062 0.083
1248446362.162 15 3.236 0.442
1248446362.402 17 5.062 0.077
1248446362.402 15 3.236 0.443
1248446362.638 18 4.974 0.037
1248446362.638 17 5.062 0.066
1248446362.639 5 2.165 0.313
1248446362.879 17 5.062 0.031
1248446362.879 16 5.062 0.066
1248446363.202 17 5.044 -0.010
1248446363.203 14 3.272 0.312
1248446363.436 17 4.974 -0.082
1248446363.436 15 3.348 0.301
1248446363.908 17 4.878 -0.152
1248446363.908 20 5.062 0.275
1248446364.373 16 4.805 -0.192
1248446364.373 20 5.154 0.194
1248446364.836 16 4.888 -0.152
1248446365.068 5 2.257 0.029
1248446365.532 16 4.726 -0.172
1248446365.532 14 3.236 0.146
1248446365.768 16 4.726 -0.159
1248446365.768 5 2.236 0.031
1248446366.002 17 4.726 -0.228
1248446366.002 20 4.974 0.205
1248446366.471 17 4.726 -0.219
1248446366.471 14 3.200 0.136
1248446366.706 17 4.638 -0.222
1248446366.706 20 4.974 0.215
1248446367.867 5 2.222 -0.001
1248446367.867 20 4.805 0.251
1248446368.096 16 4.574 -0.186
1248446368.097 15 3.131 0.193
1248446368.322 20 4.805 0.195
1248446368.774 14 3.002 0.197
1248446369.005 5 2.217 0.073
1248446369.238 17 4.574 -0.067
1248446369.238 20 4.649 0.369
1248446369.471 17 4.574 -0.097
1248446369.471 14 2.922 0.265
1248446369.703 17 4.574 -0.129
1248446369.703 15 3.002 0.289
1248446370.162 17 4.459 -0.215
1248446370.163 20 4.687 0.246
1248446370.390 5 2.187 -0.097
1248446370.390 20 4.726 0.212
1248446370.620 17 4.364 -0.271
1248446370.620 20 4.741 0.191
1248446370.849 15 3.033 0.156
1248446371.081 14 2.922 0.154
1248446371.081 20 4.726 0.229
1248446371.313 14 2.917 0.122
1248446371.544 16 4.364 -0.260
1248446371.544 20 4.706 0.167
1248446371.771 14 2.905 0.110
1248446371.997 16 4.320 -0.209
1248446371.997 20 4.649 0.218
1248446372.226 5 2.157 -0.155
1248446372.226 20 4.649 0.189
1248446372.903 14 2.800 0.178
1248446373.441 17 4.432 -0.013
1248446373.674 17 4.364 -0.047
1248446373.674 14 2.657 0.341
1248446373.904 5 2.138 0.017
1248446374.133 17 4.346 -0.132
1248446374.133 15 2.774 0.316
1248446374.364 17 4.306 -0.167
1248446374.364 15 2.800 0.280
1248446374.595 14 2.726 0.195
1248446374.595 20 4.502 0.271
1248446374.827 17 4.245 -0.227
1248446374.827 20 4.502 0.254
1248446375.055 17 4.227 -0.241
1248446375.055 20 4.574 0.240
1248446375.515 17 4.227 -0.233
1248446375.515 20 4.492 0.253
1248446375.748 17 4.203 -0.236
1248446375.748 20 4.484 0.254
1248446375.977 17 4.200 -0.236
1248446375.977 20 4.502 0.253
1248446376.206 17 4.222 -0.231
1248446376.206 20 4.502 0.254
1248446376.438 17 4.193 -0.244
1248446376.438 20 4.487 0.248
1248446376.667 16 4.306 -0.192
1248446376.667 20 4.489 0.254
1248446376.902 18 4.173 -0.274
1248446376.902 20 4.502 0.251
1248446377.138 20 4.482 0.254
1248446377.374 14 2.665 0.169
1248446377.610 14 2.685 0.164
1248446377.847 15 2.733 0.216
1248446377.847 20 4.425 0.248
1248446378.083 16 4.253 -0.206
1248446378.083 20 4.409 0.250
1248446378.319 5 2.093 -0.171
1248446378.319 14 2.628 0.174
1248446378.552 14 2.625 0.152
1248446378.783 14 2.625 0.121
1248446379.018 15 2.748 0.134
1248446379.249 14 2.649 0.035
1248446379.250 15 2.774 0.079
1248446379.483 14 2.621 -0.011
1248446379.483 4 2.057 0.477
1248446379.716 5 1.967 -0.418
1248446379.716 14 2.612 -0.040
1248446379.717 15 2.724 0.013
1248446379.717 20 4.502 0.042
1248446379.717 4 2.084 0.454
1248446379.948 5 1.941 -0.464
1248446379.948 14 2.591 -0.082
1248446379.948 15 2.716 -0.027
1248446379.949 20 4.502 -0.006
1248446379.949 4 2.134 0.416
1248446380.181 14 2.575 -0.116
1248446380.181 15 2.701 -0.064
1248446380.181 20 4.502 -0.039
1248446380.181 4 2.172 0.384
1248446380.648 14 2.513 -0.210
1248446380.649 15 2.649 -0.142
1248446380.649 20 4.364 -0.124
1248446380.649 4 2.242 0.305
1248446381.112 20 4.298 -0.178
1248446381.112 4 2.267 0.256
1248446381.798 20 4.364 -0.185
1248446381.798 4 2.281 0.253
1248446382.255 14 2.471 -0.174
1248446382.255 20 4.364 -0.069
1248446382.948 20 4.298 -0.150
1248446382.948 4 2.264 0.294
1248446383.253 14 2.392 -0.263
1248446383.254 4 2.291 0.269
1248446383.482 20 4.298 -0.096
1248446383.714 4 2.197 0.399
1248446383.942 20 4.298 -0.070
1248446384.174 20 4.298 -0.102
1248446384.403 14 2.372 -0.231
1248446384.403 20 4.298 -0.132
1248446385.366 4 2.233 0.394
1248446385.597 15 2.513 -0.019
1248446385.597 20 4.235 0.017
1248446385.830 20 4.298 0.005
1248446386.289 15 2.483 0.025
1248446386.289 20 4.235 0.059
1248446386.519 16 3.787 -0.370
1248446386.519 14 2.359 0.024
1248446387.201 14 2.335 -0.087
1248446387.432 15 2.438 -0.034
1248446387.432 4 2.224 0.438
1248446387.661 15 2.424 -0.080
1248446387.661 20 4.203 -0.054
1248446388.112 15 2.421 0.021
1248446388.112 20 4.173 0.059
1248446388.574 20 4.153 0.052
1248446388.804 14 2.281 -0.053
1248446389.034 14 2.281 -0.034
1248446389.498 14 2.247 0.150
1248446389.967 5 2.047 -0.351
1248446389.967 16 3.714 -0.303
1248446389.967 14 2.231 0.107
1248446389.967 15 2.328 0.168
1248446389.967 20 4.055 0.194
1248446390.196 5 2.031 -0.388
1248446390.196 14 2.240 0.074
1248446390.196 15 2.332 0.139
1248446390.433 5 2.019 -0.411
1248446390.433 14 2.238 0.054
1248446390.433 15 2.334 0.121
1248446390.433 20 4.055 0.148
1248446390.662 14 2.215 0.042
1248446390.892 14 2.213 0.110
1248446391.351 16 3.690 -0.271
1248446391.351 20 3.943 0.245
1248446391.583 14 2.165 0.128
1248446391.583 20 3.943 0.224
1248446392.044 5 2.119 -0.218
1248446392.280 16 3.699 -0.153
1248446392.280 15 2.150 0.327
1248446392.515 14 2.082 0.226
1248446392.750 5 2.086 -0.259
1248446392.750 20 3.838 0.310
1248446392.984 14 2.033 0.275
1248446393.333 5 2.108 -0.204
1248446393.333 14 2.046 0.265
1248446394.031 5 2.127 -0.082
1248446394.031 16 3.693 -0.035
1248446394.264 5 2.117 -0.119
1248446394.264 20 3.554 0.443
1248446394.498 5 2.112 -0.147
1248446394.498 20 3.598 0.417
1248446394.968 5 2.144 -0.089
1248446394.968 14 1.893 0.392
1248446395.200 18 3.643 -0.158
1248446395.200 5 2.134 -0.099
1248446395.669 5 2.140 -0.074
1248446395.669 16 3.643 -0.032
1248446395.903 5 2.150 -0.062
1248446395.903 14 1.859 0.394
1248446396.136 14 1.772 0.478
1248446396.373 17 3.685 0.047
1248446396.373 16 3.583 0.103
1248446396.607 17 3.648 0.020
1248446396.607 16 3.561 0.075
1248446396.836 17 3.654 -0.009
1248446396.836 14 1.757 0.475
1248446397.069 5 2.157 0.086
1248446397.537 5 2.188 0.087
1248446397.537 16 3.554 0.108
1248446397.771 5 2.213 0.043
1248446398.004 5 2.197 0.033
1248446398.702 17 3.550 0.094
1248446398.702 5 2.200 0.146
1248446398.930 17 3.545 0.083
1248446398.930 5 2.216 0.136
1248446399.620 17 3.520 0.142
1248446399.620 5 2.220 0.202
1248446399.852 17 3.506 0.142
1248446399.852 5 2.238 0.205
1248446400.082 17 3.494 0.134
1248446400.082 5 2.248 0.201
1248446400.312 16 3.468 0.173
1248446400.312 5 2.267 0.197
1248446400.545 17 3.519 0.128
1248446400.545 5 2.285 0.198
1248446400.823 18 3.547 0.082
1248446400.824 17 3.490 0.133
1248446400.824 16 3.443 0.183
1248446400.824 5 2.299 0.206
1248446401.183 18 3.546 0.076
1248446401.183 17 3.508 0.126
1248446401.183 16 3.434 0.181
1248446401.183 5 2.309 0.205
1248446401.614 5 2.315 0.208
1248446401.980 18 3.495 0.078
1248446401.980 16 3.414 0.178
1248446401.981 5 2.329 0.215
1248446402.488 17 3.460 0.131
1248446402.488 5 2.361 0.224
1248446402.729 18 3.487 0.085
1248446402.729 5 2.361 0.230
1248446402.968 17 3.454 0.130
1248446402.968 5 2.376 0.227
1248446403.269 17 3.454 0.127
1248446403.269 5 2.375 0.226
1248446403.506 17 3.423 0.127
1248446403.506 5 2.366 0.229
1248446403.972 17 3.402 0.126
1248446403.972 5 2.371 0.230
1248446404.437 17 3.405 0.131
1248446404.437 5 2.356 0.239
1248446404.667 17 3.384 0.133
1248446404.667 5 2.340 0.244
1248446404.901 17 3.364 0.132
1248446404.901 5 2.345 0.245
1248446405.136 17 3.350 0.131
1248446405.136 5 2.336 0.246
1248446405.370 5 2.317 0.254
1248446405.604 16 3.309 0.176
1248446405.604 5 2.344 0.247
1248446405.838 17 3.319 0.140
1248446405.838 5 2.317 0.266
1248446406.071 17 3.263 0.251
1248446406.071 16 3.200 0.302
1248446406.535 17 3.181 0.299
1248446406.535 5 2.171 0.433
1248446406.771 17 3.167 0.305
1248446406.771 5 2.151 0.446
1248446407.241 17 3.158 0.307
1248446407.241 5 2.127 0.452
1248446407.478 17 3.131 0.308
1248446407.478 5 2.112 0.459
1248446407.721 18 3.178 0.252
1248446407.722 17 3.112 0.305
1248446407.722 16 3.054 0.357
1248446407.722 5 2.114 0.459
1248446408.436 16 2.924 0.439
1248446408.674 16 2.893 0.442
1248446408.907 16 2.877 0.467
1248446409.146 17 2.884 0.463
1248446409.382 17 2.842 0.469
1248446420.970 13 3.038 -0.557
1248446421.448 13 3.039 -0.554
1248446421.687 13 3.023 -0.557
1248446422.165 13 2.987 -0.560
1248446422.401 13 2.964 -0.569
1248446422.868 13 3.020 -0.529
1248446423.206 13 2.997 -0.538
1248446423.442 13 2.980 -0.544
1248446423.910 13 3.065 -0.476
1248446424.384 11 3.222 -0.498
1248446424.384 13 3.065 -0.464
1248446424.621 11 3.157 -0.534
1248446424.621 13 3.010 -0.500
1248446425.089 12 3.002 -0.529
1248446425.089 13 3.063 -0.450
1248446425.793 13 3.039 -0.447
1248446426.027 13 3.033 -0.454
1248446426.500 13 3.065 -0.413
1248446426.734 11 3.236 -0.437
1248446426.734 13 3.069 -0.406
1248446426.969 13 3.098 -0.378
1248446427.205 11 3.236 -0.429
1248446427.205 13 3.070 -0.400
1248446427.439 12 3.002 -0.505
1248446427.439 13 3.012 -0.429
1248446427.893 13 3.052 -0.398
1248446428.126 11 3.165 -0.465
1248446428.126 13 2.999 -0.432
1248446428.353 13 3.006 -0.423
1248446428.578 13 3.068 -0.367
1248446428.807 13 3.165 -0.304
1248446429.271 11 3.397 -0.186
1248446429.271 13 3.203 -0.150
1248446429.503 11 3.405 -0.203
1248446429.503 13 3.186 -0.168
1248446429.736 9 5.062 -0.311
1248446429.736 13 3.161 -0.202
1248446429.967 13 3.113 -0.254
1248446430.196 13 3.094 -0.294
1248446430.430 13 3.048 -0.325
1248446430.663 13 3.008 -0.354
1248446430.896 13 2.980 -0.380
1248446431.131 13 2.944 -0.407
1248446431.600 13 2.975 -0.371
1248446431.832 13 2.971 -0.371
1248446432.068 13 2.998 -0.328
1248446432.301 13 2.966 -0.350
1248446432.535 13 2.944 -0.373
1248446433.006 13 2.973 -0.334
1248446433.323 13 2.940 -0.359
1248446433.554 13 2.941 -0.370
1248446433.791 13 2.941 -0.336
1248446434.024 13 2.922 -0.361
1248446434.490 13 2.941 -0.321
1248446434.725 13 2.909 -0.344
1248446434.960 13 2.884 -0.367
1248446435.427 13 2.912 -0.322
1248446435.664 13 2.886 -0.355
1248446435.900 13 2.829 -0.399
1248446436.138 13 2.785 -0.426
1248446436.605 13 2.821 -0.375
1248446436.834 13 2.806 -0.399
1248446437.069 13 2.743 -0.445
1248446437.304 13 2.736 -0.457
1248446437.542 13 2.746 -0.459
1248446437.778 13 2.690 -0.492
1248446438.013 11 2.794 -0.562
1248446438.013 13 2.633 -0.525
1248446438.242 13 2.581 -0.561
1248446438.701 13 2.612 -0.524
1248446438.933 13 2.563 -0.559
1248446439.641 13 2.625 -0.497
1248446439.876 13 2.631 -0.496
1248446440.105 13 2.615 -0.502
1248446440.339 13 2.612 -0.504
1248446440.574 13 2.603 -0.502
1248446440.806 13 2.595 -0.500
1248446441.041 13 2.585 -0.509
1248446441.279 13 2.583 -0.509
1248446441.515 13 2.581 -0.507
1248446441.753 13 2.558 -0.514
1248446441.991 13 2.560 -0.511
1248446442.229 13 2.555 -0.506
1248446442.466 13 2.554 -0.514
1248446442.705 13 2.537 -0.517
1248446442.942 13 2.535 -0.515
1248446443.239 13 2.514 -0.517
1248446443.472 13 2.511 -0.521
1248446443.706 13 2.487 -0.527
1248446443.941 13 2.489 -0.523
1248446444.644 13 2.484 -0.521
1248446444.888 13 2.488 -0.521
1248446445.122 13 2.481 -0.521
1248446445.367 13 2.482 -0.520
1248446445.608 13 2.476 -0.526
1248446445.847 13 2.467 -0.527
1248446446.084 13 2.458 -0.527
1248446446.324 13 2.440 -0.532
1248446446.562 13 2.446 -0.535
1248446446.800 13 2.396 -0.558
1248446447.038 13 2.353 -0.575
1248446462.284 13 2.040 -0.573
1248446462.539 13 2.041 -0.571
1248446463.006 13 2.061 -0.529
1248446463.336 13 2.070 -0.510
1248446463.571 13 2.050 -0.522
1248446463.803 13 2.061 -0.496
1248446464.269 12 2.135 -0.535
1248446464.269 13 2.109 -0.426
1248446464.730 13 2.072 -0.433
1248446465.190 13 2.111 -0.345
1248446465.654 13 2.079 -0.346
1248446465.654 10 4.055 -0.315
1248446465.883 13 2.062 -0.353
1248446466.109 12 2.165 -0.376
1248446466.109 13 2.099 -0.266
1248446466.343 12 2.174 -0.374
1248446466.343 13 2.100 -0.263
1248446466.344 10 4.093 -0.224
1248446466.578 12 2.156 -0.380
1248446466.578 13 2.077 -0.257
1248446466.578 10 4.113 -0.221
1248446466.810 12 2.140 -0.375
1248446466.811 13 2.063 -0.263
1248446466.811 10 4.055 -0.221
1248446468.661 12 2.139 -0.222
1248446468.661 13 2.022 -0.101
1248446468.895 12 2.122 -0.208
1248446468.895 11 2.281 -0.121
1248446468.895 13 1.994 -0.089
1248446468.895 10 3.998 -0.040
1248446469.815 10 3.998 0.034
1248446470.273 13 1.929 -0.003
1248446470.736 7 4.649 -0.358
1248446470.736 10 3.890 0.121
1248446471.201 13 1.857 0.074
1248446471.201 10 3.890 0.121
1248446471.433 13 1.856 0.061
1248446471.663 12 1.993 -0.003
1248446471.663 13 1.814 0.118
1248446472.123 13 1.763 0.206
1248446472.352 12 1.929 0.160
1248446472.352 13 1.725 0.280
1248446472.584 13 1.652 0.394
1248446472.814 8 4.726 0.078
1248446472.814 13 1.585 0.469
1248446473.567 7 4.649 0.321
1248446475.412 3 1.997 -0.007
1248446475.638 3 1.993 0.056
1248446476.091 2 1.669 -0.170
1248446476.091 3 1.944 0.125
1248446476.548 3 1.909 0.151
1248446477.231 3 1.870 0.170
1248446480.179 2 1.580 -0.129
1248446483.888 7 4.364 0.322
1248446484.118 7 4.398 0.283
1248446484.118 8 4.235 0.319
1248446484.347 7 4.386 0.240
1248446484.577 7 4.411 0.201
1248446484.577 8 4.298 0.238
1248446484.808 6 4.298 0.104
1248446485.041 8 4.317 0.165
1248446485.506 7 4.432 0.125
1248446485.506 8 4.298 0.169
1248446485.739 6 4.298 0.094
1248446485.739 8 4.331 0.161
1248446486.203 8 4.298 0.158
1248446486.436 8 4.235 0.170
1248446486.901 7 4.306 0.128
1248446486.901 8 4.235 0.170
1248446487.363 8 4.214 0.174
1248446487.595 7 4.239 0.131
1248446487.595 8 4.161 0.171
1248446488.054 7 4.256 0.130
1248446488.054 8 4.173 0.172
1248446488.286 8 4.173 0.168
1248446488.517 7 4.203 0.133
1248446488.517 8 4.173 0.173
1248446488.748 7 4.184 0.130
1248446488.981 7 4.235 0.124
1248446489.212 8 4.046 0.176
1248446489.909 7 4.059 0.141
1248446489.909 8 3.998 0.183
1248446490.142 7 4.101 0.140
1248446490.374 7 4.055 0.140
1248446490.374 8 3.998 0.182
1248446490.606 7 4.050 0.137
1248446490.606 8 3.959 0.181
1248446491.067 7 4.049 0.139
1248446491.067 8 3.998 0.171
1248446491.301 7 4.014 0.136
1248446491.301 8 3.943 0.171
1248446491.533 7 3.988 0.138
1248446491.533 8 3.912 0.180
1248446491.766 7 3.956 0.140
1248446491.766 8 3.890 0.183
1248446491.997 6 3.907 0.099
1248446491.997 8 3.890 0.179
1248446492.229 8 3.846 0.184
1248446492.463 7 3.947 0.143
1248446492.463 8 3.890 0.177
1248446492.693 7 3.943 0.143
1248446492.693 8 3.890 0.176
1248446492.925 7 3.899 0.143
1248446492.925 8 3.838 0.188
1248446493.229 6 3.864 0.102
1248446493.463 7 3.893 0.147
1248446493.463 8 3.790 0.190
1248446493.695 7 3.880 0.148
1248446493.695 8 3.784 0.192
1248446493.928 7 3.878 0.147
1248446493.928 8 3.781 0.191
1248446494.162 7 3.878 0.148
1248446494.162 8 3.776 0.191
1248446494.394 7 3.838 0.147
1248446494.394 8 3.754 0.191
1248446494.629 6 3.762 0.104
1248446494.630 8 3.741 0.188
1248446494.862 7 3.838 0.146
1248446494.862 8 3.738 0.191
1248446495.092 7 3.838 0.088
1248446495.093 8 3.746 0.131
1248446495.324 7 3.838 0.053
1248446495.324 8 3.738 0.101
1248446495.555 7 3.798 0.026
1248446495.555 8 3.738 0.073
1248446495.787 6 3.738 -0.048
1248446496.019 8 3.719 0.034
1248446496.946 7 3.712 -0.032
1248446496.946 8 3.657 0.016
1248446497.176 8 3.643 0.007
1248446497.405 7 3.646 -0.051
1248446497.405 8 3.606 -0.003
1248446497.636 8 3.603 -0.011
1248446498.094 8 3.561 -0.027
1248446498.551 7 3.571 -0.084
1248446498.551 8 3.549 -0.035
1248446498.777 7 3.568 -0.009
1248446498.777 8 3.510 0.037
1248446499.004 8 3.489 0.151
1248446499.234 6 3.427 0.137
1248446499.699 6 3.272 0.326
1248446499.699 8 3.200 0.418
1248446499.932 6 3.165 0.402
1248446499.932 7 3.200 0.447
1248446500.407 6 3.091 0.448
1248446500.644 6 3.070 0.450
1248446500.879 6 3.074 0.452
1248446501.115 6 3.065 0.455
1248446501.353 6 3.046 0.452
1248446501.819 6 3.165 0.342
1248446501.820 7 3.212 0.389
1248446501.820 8 3.084 0.438
1248446502.285 6 3.272 0.195
1248446502.285 7 3.352 0.241
1248446502.285 8 3.236 0.291
1248446502.518 6 3.309 0.080
1248446502.518 7 3.397 0.128
1248446502.518 8 3.309 0.178
1248446502.751 6 3.309 0.004
1248446502.751 7 3.387 0.052
1248446502.751 8 3.343 0.103
1248446502.979 8 3.348 0.024
1248446503.277 7 3.326 -0.142
1248446503.277 8 3.309 -0.083
1248446503.504 8 3.236 -0.208
1248446503.733 7 3.215 -0.299
1248446503.733 9 2.855 0.377
1248446503.960 9 2.781 0.407
1248446503.960 10 2.631 0.462
1248446504.411 8 3.236 -0.121
1248446504.634 8 3.236 -0.079
1248446504.878 7 3.268 -0.084
1248446504.878 8 3.236 -0.026
1248446505.105 8 3.236 0.017
1248446505.564 7 3.248 -0.022
1248446505.564 8 3.198 0.034
1248446505.794 6 3.131 -0.072
1248446506.025 7 3.209 -0.024
1248446506.025 8 3.156 0.032
1248446506.259 8 3.200 0.020
1248446506.720 7 3.173 -0.022
1248446506.720 8 3.125 0.034
1248446506.946 6 3.065 -0.082
1248446507.173 7 3.131 -0.100
1248446507.173 8 3.098 -0.041
1248446507.399 7 3.065 -0.211
1248446507.399 8 3.033 -0.152
1248446507.849 8 2.912 -0.320
1248446507.849 10 2.535 0.422
1248446508.521 10 2.697 0.162
1248446508.972 10 2.697 0.009
1248446509.426 9 2.710 -0.170
1248446509.426 10 2.661 -0.106
1248446509.656 10 2.673 -0.051
1248446509.885 10 2.677 -0.000
1248446510.112 10 2.649 0.088
1248446510.338 10 2.613 0.145
1248446510.791 10 2.557 0.239
1248446511.016 10 2.535 0.274
1248446511.243 10 2.499 0.306
1248446511.471 9 2.578 0.285
1248446511.704 9 2.579 0.285
1248446512.170 9 2.542 0.294
1248446512.635 10 2.396 0.357
1248446512.866 9 2.500 0.294
1248446512.866 10 2.381 0.358
1248446513.648 9 2.471 0.298
1248446513.878 9 2.452 0.297
1248446514.108 9 2.451 0.293
1248446514.338 9 2.448 0.298
1248446515.254 9 2.393 0.309
1248446515.482 9 2.391 0.305
1248446515.712 9 2.380 0.304
1248446515.712 10 2.247 0.386
1248446515.942 8 2.451 -0.469
1248446515.942 10 2.239 0.375
1248446516.172 8 2.444 -0.469
1248446516.402 9 2.360 0.308
1248446516.632 9 2.345 0.316
1248446516.632 10 2.226 0.381
1248446516.861 9 2.347 0.307
1248446517.090 10 2.187 0.391
1248446517.319 9 2.309 0.309
1248446517.547 10 2.189 0.379
1248446517.776 10 2.178 0.385
1248446518.233 9 2.271 0.324
1248446518.460 9 2.264 0.322
1248446518.690 9 2.261 0.322
1248446518.919 9 2.242 0.326
1248446519.149 9 2.228 0.332
1248446519.149 10 2.112 0.400
1248446519.378 9 2.230 0.325
1248446520.289 9 2.191 0.337
1248446520.737 9 2.160 0.334
1248446520.965 9 2.134 0.355
1248446523.306 10 1.977 0.280
1248446523.763 10 1.950 0.283
1248446524.221 10 1.959 0.205
1248446524.683 9 2.014 0.113
1248446524.683 10 1.935 0.201
1248446524.910 9 1.994 0.098
1248446524.910 10 1.917 0.186
1248446525.377 9 1.979 0.040
1248446525.377 10 1.909 0.131
1248446526.310 9 1.907 -0.042
1248446526.310 10 1.854 0.052
1248446526.543 9 1.898 -0.046
1248446526.543 10 1.845 0.048
1248446526.777 9 1.876 -0.050
1248446526.778 10 1.827 0.046
1248446527.009 9 1.861 -0.057
1248446527.009 10 1.809 0.040
1248446527.477 9 1.836 -0.117
1248446527.477 10 1.797 -0.017
1248446527.948 9 1.793 -0.141
1248446527.948 10 1.756 -0.041
1248446528.416 9 1.729 -0.248
1248446528.416 10 1.707 -0.144
1248446528.650 9 1.733 -0.209
1248446528.650 10 1.709 -0.104
1248446528.886 9 1.697 -0.238
1248446528.886 10 1.675 -0.132
1248446529.117 9 1.654 -0.293
1248446529.118 10 1.639 -0.186
1248446529.353 9 1.640 -0.307
1248446529.353 10 1.626 -0.205
1248446529.589 9 1.614 -0.326
1248446529.589 10 1.605 -0.217
1248446529.829 9 1.592 -0.337
1248446529.829 10 1.585 -0.224
1248446530.299 9 1.532 -0.396
1248446530.299 10 1.534 -0.283
1248446530.535 9 1.501 -0.428
1248446530.535 10 1.508 -0.313
1248446530.772 9 1.489 -0.434
1248446530.773 10 1.495 -0.318
1248446531.008 9 1.445 -0.473
1248446531.008 10 1.455 -0.357
1248446531.482 9 1.376 -0.561
1248446531.482 10 1.403 -0.438
1248446531.722 9 1.370 -0.543
1248446531.722 10 1.395 -0.424
1248446531.961 10 1.374 -0.452
1248446532.197 10 1.334 -0.470
1248446532.675 10 1.260 -0.558
1248446532.911 10 1.250 -0.540
1248446556.482 5 1.711 0.470
1248446556.718 5 1.715 0.470
1248446557.186 5 1.785 0.391
1248446557.424 5 1.773 0.383
1248446557.659 5 1.774 0.383
1248446558.365 5 1.826 0.296
1248446558.600 5 1.822 0.292
1248446558.838 2 2.492 0.424
1248446558.838 3 2.748 0.478
1248446559.073 2 2.492 0.418
1248446559.073 3 2.710 0.478
1248446559.311 2 2.492 0.420
1248446559.311 3 2.722 0.478
1248446559.547 2 2.471 0.418
1248446560.016 5 1.889 0.121
1248446560.253 2 2.549 0.343
1248446560.488 5 1.881 0.103
1248446560.724 3 2.722 0.418
1248446560.724 14 5.154 0.467
1248446560.960 17 6.600 0.174
1248446561.433 2 2.478 0.347
1248446561.433 3 2.665 0.424
1248446561.671 2 2.500 0.346
1248446561.907 5 1.848 0.079
1248446561.908 3 2.653 0.425
1248446562.380 5 1.845 0.071
1248446562.615 18 6.375 0.155
1248446562.615 3 2.649 0.425
1248446562.851 18 6.304 0.152
1248446562.851 3 2.653 0.424
1248446563.203 18 6.304 0.155
1248446563.203 3 2.673 0.423
1248446563.439 18 6.304 0.156
1248446563.674 17 6.304 0.178
1248446563.674 3 2.673 0.426
1248446563.912 18 6.166 0.157
1248446563.912 3 2.667 0.422
1248446564.144 5 1.825 0.027
1248446564.612 16 6.448 0.122
1248446564.612 3 2.774 0.343
1248446564.868 16 6.448 0.116
1248446564.868 3 2.774 0.333
1248446565.105 18 6.166 0.068
1248446565.105 3 2.754 0.330
1248446565.338 5 1.803 -0.129
1248446565.809 18 6.166 -0.012
1248446565.809 3 2.827 0.248
1248446566.275 14 5.250 0.252
1248446566.744 18 6.166 -0.098
1248446566.744 3 2.883 0.158
1248446566.978 2 2.451 0.085
1248446567.672 2 2.451 -0.082
1248446567.672 14 5.320 0.096
1248446567.906 3 2.912 -0.016
1248446567.906 14 5.250 0.088
1248446568.372 3 2.893 -0.019
1248446568.372 20 7.100 0.047
1248446568.834 16 5.908 -0.263
1248446568.834 20 7.100 0.003
1248446570.007 14 5.192 -0.065
1248446570.238 14 5.154 -0.074
1248446571.884 3 2.800 -0.272
1248446571.884 14 5.062 -0.097
1248446571.884 15 5.250 -0.089
1248446572.358 3 2.800 -0.266
1248446572.358 19 6.758 -0.158
1248446572.358 14 5.062 -0.083
1248446572.594 19 6.758 -0.155
1248446572.828 14 5.014 -0.069
1248446573.150 14 4.974 -0.073
1248446573.383 19 6.758 -0.160
1248446573.383 14 4.974 -0.086
1248446573.616 15 5.154 -0.053
1248446574.779 19 6.600 -0.144
1248446574.779 15 5.062 -0.045
1248446575.242 19 6.758 -0.142
1248446575.242 15 4.974 -0.041
1248446575.472 15 4.974 -0.036
1248446575.705 3 2.774 -0.296
1248446575.705 14 4.805 -0.059
1248446575.939 3 2.748 -0.297
1248446575.939 19 6.448 -0.133
1248446575.939 20 6.600 -0.099
1248446575.940 14 4.797 -0.057
1248446575.940 15 4.905 -0.037
1248446576.177 3 2.774 -0.304
1248446576.177 14 4.805 -0.056
1248446576.177 15 4.888 -0.037
1248446576.412 20 6.448 -0.117
1248446576.412 14 4.771 -0.071
1248446576.412 15 4.888 -0.051
1248446576.649 3 2.748 -0.318
1248446576.649 20 6.448 -0.107
1248446576.649 14 4.741 -0.065
1248446576.649 15 4.888 -0.044
1248446577.117 19 6.448 -0.124
1248446577.117 15 4.819 -0.032
1248446577.349 20 6.448 -0.104
1248446577.349 15 4.805 -0.036
1248446577.582 15 4.888 -0.023
1248446577.815 19 6.448 -0.119
1248446577.815 15 4.805 -0.023
1248446578.047 14 4.640 -0.057
1248446578.512 15 4.752 -0.035
1248446578.746 15 4.726 -0.024
1248446579.213 19 6.304 -0.123
1248446579.213 15 4.674 -0.026
1248446579.445 20 6.304 -0.096
1248446579.445 15 4.649 -0.024
1248446579.914 15 4.649 -0.021
1248446580.148 14 4.502 -0.039
1248446580.148 15 4.649 -0.018
1248446580.613 20 6.166 -0.082
1248446580.613 15 4.592 -0.016
1248446580.846 14 4.432 -0.032
1248446580.846 15 4.574 -0.017
1248446581.315 14 4.432 -0.034
1248446581.315 15 4.574 -0.015
1248446581.548 19 6.166 -0.104
1248446581.548 15 4.502 -0.003
1248446582.016 3 2.625 -0.394
1248446582.016 15 4.502 -0.015
1248446582.249 15 4.574 -0.003
1248446582.714 19 6.034 -0.108
1248446583.296 14 4.298 -0.039
1248446583.990 20 6.034 -0.064
1248446583.990 15 4.364 0.012
1248446584.457 14 4.173 -0.020
1248446584.457 15 4.298 0.010
1248446584.919 19 5.908 -0.106
1248446585.383 14 4.113 -0.013
1248446585.847 20 5.908 -0.069
1248446585.847 15 4.197 0.006
1248446586.313 14 4.055 -0.011
1248446586.313 15 4.219 0.014
1248446587.473 19 5.787 -0.088
1248446587.473 15 4.055 0.019
1248446589.091 19 5.671 -0.067
1248446589.091 15 3.943 0.045
1248446589.323 19 5.671 -0.076
1248446589.323 15 3.943 0.038
1248446589.554 14 3.787 0.007
1248446590.478 3 2.492 -0.270
1248446590.709 20 5.559 -0.042
1248446590.709 15 3.838 0.045
1248446591.173 14 3.690 0.012
1248446591.405 20 5.452 -0.034
1248446591.405 14 3.643 0.018
1248446591.636 14 3.643 0.032
1248446591.867 20 5.452 -0.027
1248446592.329 15 3.714 0.058
1248446592.561 19 5.417 -0.061
1248446592.561 15 3.690 0.063
1248446593.024 20 5.349 -0.021
1248446593.764 19 5.349 -0.044
1248446593.764 15 3.643 0.078
1248446594.932 3 2.353 -0.192
1248446594.932 14 3.427 0.045
1248446595.398 19 5.250 -0.038
1248446595.398 14 3.362 0.051
1248446595.627 3 2.307 -0.166
1248446595.627 15 3.482 0.097
1248446595.851 3 2.301 -0.160
1248446596.078 19 5.250 -0.038
1248446596.078 14 3.309 0.059
1248446596.540 20 5.154 -0.016
1248446596.540 14 3.309 0.040
1248446596.772 19 5.154 -0.054
1248446597.237 19 5.062 -0.031
1248446597.237 14 3.236 0.064
1248446597.468 19 5.108 -0.022
1248446597.468 14 3.236 0.068
1248446597.701 3 2.199 -0.120
1248446597.934 19 5.062 -0.027
1248446597.934 15 3.335 0.107
1248446598.165 19 5.023 -0.031
1248446598.165 15 3.309 0.099
1248446598.395 3 2.156 -0.112
1248446598.626 3 2.150 -0.102
1248446598.857 20 5.062 0.016
1248446598.857 14 3.135 0.066
1248446599.321 19 4.974 -0.012
1248446599.321 14 3.098 0.083
1248446599.784 20 4.958 0.016
1248446600.015 19 4.902 -0.016
1248446600.015 14 3.063 0.077
1248446600.246 20 4.888 0.032
1248446600.246 14 3.033 0.083
1248446600.708 3 1.983 -0.033
1248446600.708 14 2.975 0.100
1248446600.939 19 4.805 -0.006
1248446600.939 14 2.971 0.104
1248446601.173 19 4.846 0.001
1248446601.173 15 3.098 0.133
1248446601.635 14 2.912 0.108
1248446602.098 20 4.732 0.049
1248446602.098 15 3.033 0.157
1248446602.329 20 4.794 0.043
1248446602.330 15 3.002 0.147
1248446602.561 3 1.858 0.008
1248446602.792 14 2.846 0.105
1248446602.792 15 3.002 0.146
1248446603.024 3 1.809 0.043
1248446603.553 19 4.683 0.014
1248446603.553 14 2.777 0.118
1248446604.007 19 4.669 0.019
1248446604.456 20 4.574 0.052
1248446604.456 14 2.678 0.130
1248446604.686 20 4.574 0.062
1248446604.686 14 2.682 0.140
1248446604.919 20 4.574 0.069
1248446604.919 3 1.670 0.116
1248446605.382 20 4.535 0.066
1248446605.382 15 2.774 0.180
1248446605.614 20 4.502 0.063
1248446605.614 3 1.609 0.141
1248446605.847 3 1.591 0.154
1248446606.310 20 4.502 0.088
1248446606.310 3 1.562 0.175
1248446606.535 20 4.432 0.086
1248446606.535 3 1.536 0.188
1248446606.988 19 4.432 0.023
1248446606.988 3 1.511 0.192
1248446607.447 20 4.416 0.072
1248446607.447 3 1.491 0.210
1248446607.678 20 4.364 0.075
1248446607.678 3 1.489 0.210
1248446607.904 3 1.475 0.226
1248446608.591 19 4.364 0.051
1248446608.591 3 1.425 0.266
1248446609.056 14 2.391 0.186
1248446609.056 3 1.378 0.303
1248446609.287 20 4.298 0.105
1248446609.287 3 1.370 0.308
1248446609.519 3 1.338 0.320
1248446609.983 20 4.235 0.107
1248446609.983 3 1.282 0.348
1248446610.451 3 1.206 0.396
1248446610.914 14 2.247 0.218
1248446611.376 14 2.197 0.252
1248446611.607 14 2.148 0.321
1248446611.841 15 2.181 0.449
1248446612.304 17 3.328 -0.146
1248446612.304 20 3.738 0.405
1248446612.529 17 3.387 -0.109
1248446612.754 16 3.387 0.027
1248446612.990 17 3.348 0.007
1248446612.990 16 3.348 0.062
1248446613.251 17 3.309 0.057
1248446614.007 18 3.272 0.025
1248446614.007 17 3.291 0.068
1248446614.008 16 3.301 0.122
1248446614.265 18 3.272 0.022
1248446614.970 17 3.218 0.069
1248446614.970 16 3.231 0.124
1248446615.208 17 3.200 0.072
1248446615.208 16 3.202 0.128
1248446615.444 17 3.176 0.071
1248446615.444 16 3.178 0.129
1248446615.678 16 3.182 0.131
1248446615.914 17 3.143 0.073
1248446615.914 16 3.141 0.131
1248446616.152 17 3.134 0.072
1248446616.152 16 3.133 0.130
1248446616.388 18 3.098 0.029
1248446616.388 16 3.125 0.133
1248446616.623 17 3.107 0.071
1248446616.623 16 3.105 0.127
1248446616.859 17 3.098 0.079
1248446617.094 17 3.081 0.071
1248446617.094 16 3.087 0.128
1248446617.331 17 3.056 0.069
1248446617.331 16 3.059 0.128
1248446617.567 17 3.050 0.071
1248446617.567 16 3.039 0.132
1248446617.804 17 3.023 0.072
1248446617.804 16 3.023 0.132
1248446618.040 17 3.036 0.070
1248446618.277 17 3.000 0.075
1248446618.277 16 3.005 0.136
1248446618.507 16 2.997 0.099
1248446618.739 17 2.962 -0.002
1248446618.739 16 2.979 0.059
1248446618.973 16 3.002 0.044
1248446619.202 16 2.977 0.053
1248446619.428 16 2.958 0.002
1248446619.896 16 2.915 -0.035
1248446620.131 16 2.883 -0.027
1248446620.366 19 3.272 0.465
1248446620.598 17 2.826 -0.100
1248446620.598 16 2.863 -0.034
1248446620.830 17 2.808 -0.099
1248446620.830 19 3.236 0.476
1248446621.061 17 2.790 -0.099
1248446621.061 19 3.206 0.473
1248446621.525 17 2.765 -0.097
1248446621.525 16 2.785 -0.031
1248446621.749 16 2.774 -0.102
1248446621.972 16 2.712 -0.171
1248446621.972 19 3.348 0.354
1248446622.432 20 3.396 0.297
1248446622.897 16 2.579 -0.346
1248446622.897 14 1.566 0.472
1248446623.205 17 2.460 -0.441
1248446623.205 14 1.559 0.461
1248446623.439 16 2.513 -0.404
1248446623.439 14 1.570 0.429
1248446623.672 19 3.453 0.157
1248446623.903 19 3.468 0.162
1248446624.597 19 3.387 0.178
1248446625.103 20 3.304 0.225
1248446625.103 14 1.437 0.471
1248446625.795 19 3.272 0.193
1248446626.705 17 2.264 -0.445
1248446627.397 20 3.098 0.285
1248446627.627 17 2.188 -0.462
1248446627.627 20 3.083 0.288
1248446627.860 19 3.099 0.246
1248446627.860 20 3.063 0.301
1248446628.325 20 3.038 0.304
1248446628.558 16 2.211 -0.383
1248446628.558 20 3.009 0.297
1248446628.791 17 2.134 -0.456
1248446628.791 19 3.036 0.247
1248446629.024 19 3.065 0.252
1248446629.257 17 2.093 -0.451
1248446629.257 19 3.005 0.266
1248446629.490 17 2.089 -0.455
1248446629.490 19 2.975 0.270
1248446629.721 20 2.912 0.341
1248446629.953 17 2.126 -0.371
1248446629.953 19 2.883 0.354
1248446630.416 17 2.182 -0.272
1248446630.416 19 2.750 0.452
1248446630.647 16 2.230 -0.123
1248446630.879 16 2.232 -0.088
1248446631.111 17 2.211 -0.140
1248446631.111 16 2.227 -0.057
1248446631.343 17 2.194 -0.122
1248446631.343 16 2.212 -0.037
1248446631.571 17 2.180 -0.129
1248446631.571 16 2.199 -0.044
1248446631.803 18 2.111 -0.214
1248446631.803 16 2.180 -0.044
1248446632.039 18 2.097 -0.216
1248446632.039 16 2.172 -0.044
1248446632.274 16 2.152 -0.041
1248446632.508 16 2.149 -0.037
1248446632.742 17 2.108 -0.130
1248446632.742 16 2.131 -0.042
1248446632.977 17 2.084 -0.134
1248446632.977 16 2.104 -0.045
1248446633.324 17 2.073 -0.133
1248446633.324 16 2.090 -0.042
1248446633.558 16 2.080 -0.043
1248446634.028 17 2.036 -0.133
1248446634.028 16 2.050 -0.042
1248446634.497 16 2.030 -0.045
1248446634.732 17 1.997 -0.136
1248446634.732 16 2.012 -0.041
1248446634.967 17 1.980 -0.135
1248446634.967 16 2.000 -0.042
1248446635.199 16 1.986 -0.044
1248446635.429 17 1.962 -0.141
1248446635.429 16 1.981 -0.048
1248446635.662 16 1.959 -0.038
1248446635.898 17 1.929 -0.139
1248446635.898 16 1.946 -0.041
1248446636.367 17 1.907 -0.143
1248446636.367 16 1.925 -0.045
1248446636.603 18 1.855 -0.228
1248446636.603 16 1.924 -0.044
1248446636.839 17 1.890 -0.144
1248446636.839 16 1.906 -0.045
1248446637.074 17 1.882 -0.147
1248446637.075 16 1.900 -0.048
1248446637.310 17 1.876 -0.145
1248446637.310 16 1.891 -0.042
1248446637.538 17 1.862 -0.145
1248446637.538 16 1.881 -0.045
1248446637.773 17 1.850 -0.144
1248446637.773 16 1.868 -0.044
1248446638.009 17 1.836 -0.146
1248446638.009 16 1.855 -0.044
1248446638.478 16 1.858 -0.062
1248446638.715 17 1.808 -0.149
1248446638.715 16 1.825 -0.046
1248446638.948 16 1.817 -0.039
1248446639.182 17 1.786 -0.148
1248446639.182 16 1.802 -0.042
1248446639.417 18 1.731 -0.237
1248446639.417 16 1.797 -0.040
1248446639.652 17 1.777 -0.150
1248446639.652 16 1.791 -0.042
1248446639.887 18 1.712 -0.262
1248446639.887 16 1.783 -0.049
1248446640.353 16 1.772 -0.029
1248446640.590 17 1.724 -0.161
1248446640.590 16 1.740 -0.051
1248446641.058 17 1.690 -0.165
1248446641.058 16 1.705 -0.051
1248446641.292 17 1.681 -0.165
1248446641.292 16 1.699 -0.053
1248446641.526 18 1.614 -0.280
1248446641.526 16 1.685 -0.051
1248446641.760 16 1.664 -0.050
1248446641.993 16 1.654 -0.049
1248446642.228 17 1.625 -0.169
1248446642.228 16 1.640 -0.052
1248446642.459 16 1.622 -0.058
1248446642.924 16 1.586 -0.139
1248446643.485 16 1.541 -0.168
1248446643.947 17 1.455 -0.334
1248446643.947 16 1.497 -0.206
1248446644.644 16 1.455 -0.203
1248446644.876 17 1.368 -0.380
1248446644.876 16 1.415 -0.248
1248446645.109 16 1.399 -0.275
1248446645.574 16 1.343 -0.333
1248446645.807 16 1.323 -0.336
1248446646.040 16 1.313 -0.345
1248446650.914 19 1.842 0.472
1248446651.145 19 1.893 0.432
1248446651.375 19 1.933 0.354
1248446651.606 20 1.954 0.390
1248446651.837 20 1.980 0.335
1248446652.069 20 2.020 0.269
1248446652.302 20 2.031 0.234
1248446652.534 20 2.034 0.204
1248446652.766 20 2.047 0.152
1248446653.000 20 2.044 0.130
1248446653.301 20 2.027 0.131
1248446653.527 20 2.018 0.133
1248446653.752 20 2.007 0.136
1248446653.980 20 1.998 0.142
1248446654.208 19 1.945 0.055
1248446654.208 20 1.984 0.140
1248446654.939 19 1.938 0.051
1248446654.939 20 1.982 0.138
1248446655.171 20 1.962 0.145
1248446655.401 20 1.957 0.138
1248446655.632 20 1.955 0.145
1248446655.860 20 1.938 0.149
1248446656.091 20 1.919 0.145
1248446656.323 20 1.919 0.145
1248446656.783 20 1.900 0.143
1248446657.014 20 1.884 0.145
1248446657.252 19 1.838 0.047
1248446657.252 20 1.881 0.160
1248446657.492 19 1.825 0.053
1248446657.492 20 1.868 0.142
1248446657.732 19 1.820 0.056
1248446657.732 20 1.858 0.145
1248446657.970 19 1.804 0.058
1248446657.970 20 1.849 0.151
1248446658.207 19 1.801 0.055
1248446658.208 20 1.847 0.146
1248446658.446 19 1.795 0.058
1248446658.446 20 1.834 0.148
1248446658.684 19 1.783 0.059
1248446658.684 20 1.822 0.152
1248446658.923 19 1.779 0.053
1248446658.923 20 1.825 0.148
1248446659.156 19 1.769 0.059
1248446659.156 20 1.816 0.155
1248446659.387 19 1.760 0.061
1248446659.388 20 1.806 0.152
1248446659.621 19 1.757 0.056
1248446659.621 20 1.800 0.149
1248446659.854 20 1.796 0.159
1248446660.084 20 1.778 0.157
1248446660.311 20 1.777 0.156
1248446660.539 20 1.765 0.154
1248446660.767 20 1.761 0.174
1248446660.993 20 1.746 0.158
1248446661.218 20 1.745 0.159
1248446661.451 19 1.691 0.064
1248446661.451 20 1.736 0.161
1248446661.685 19 1.685 0.062
1248446661.686 20 1.726 0.164
1248446662.157 19 1.661 0.058
1248446662.157 20 1.704 0.162
1248446662.392 19 1.655 0.063
1248446662.392 20 1.701 0.162
1248446662.627 19 1.650 0.058
1248446662.627 20 1.692 0.165
1248446662.864 19 1.638 0.058
1248446662.864 20 1.682 0.157
1248446663.405 20 1.662 0.165
1248446663.874 20 1.655 0.176
1248446664.106 20 1.641 0.167
1248446664.338 20 1.635 0.162
1248446664.569 19 1.593 0.046
1248446664.801 19 1.573 0.066
1248446664.801 20 1.613 0.171
1248446665.030 20 1.601 0.178
1248446665.703 20 1.571 0.177
1248446665.936 20 1.567 0.172
1248446666.389 20 1.564 0.059
1248446666.616 19 1.468 -0.148
1248446666.847 19 1.441 -0.219
1248446666.847 20 1.530 -0.101
1248446700.122 5 2.827 0.476
1248446700.357 5 2.822 0.472
1248446701.057 8 7.439 0.265
1248446701.057 5 2.874 0.397
1248446701.530 5 2.862 0.384
1248446701.766 5 2.827 0.387
1248446702.003 5 2.821 0.382
1248446702.469 5 2.855 0.312
1248446702.705 8 7.479 0.187
1248446702.705 5 2.830 0.304
1248446702.941 3 4.502 0.395
1248446703.279 5 2.808 0.301
1248446703.747 8 7.284 0.107
1248446703.747 12 5.250 0.452
1248446703.984 5 2.774 0.215
1248446704.222 5 2.754 0.206
1248446704.459 7 7.479 0.081
1248446704.459 5 2.745 0.203
1248446704.928 3 4.432 0.249
1248446705.163 3 4.502 0.247
1248446705.856 8 7.284 0.013
1248446705.856 3 4.364 0.253
1248446706.553 5 2.604 0.097
1248446707.246 5 2.537 -0.072
1248446707.246 4 1.944 0.407
1248446707.723 5 2.509 -0.074
1248446707.723 4 1.930 0.412
1248446707.960 4 1.924 0.410
1248446708.197 5 2.465 -0.089
1248446708.197 4 1.903 0.409
1248446708.672 7 7.100 -0.171
1248446708.672 4 1.885 0.414
1248446708.908 7 7.100 -0.171
1248446708.908 4 1.874 0.417
1248446709.376 4 1.907 0.344
1248446709.847 3 3.998 0.051
1248446709.847 4 1.885 0.339
1248446710.317 5 2.177 -0.294
1248446710.317 4 1.904 0.267
1248446710.555 3 3.950 -0.022
1248446710.555 4 1.897 0.267
1248446710.792 3 3.890 -0.013
1248446710.792 4 1.870 0.277
1248446711.026 4 1.881 0.229
1248446711.263 12 5.452 -0.022
1248446711.263 4 1.884 0.198
1248446711.501 3 3.838 -0.092
1248446711.501 4 1.885 0.197
1248446711.739 9 7.284 -0.134
1248446711.739 4 1.868 0.200
1248446711.977 9 7.284 -0.124
1248446711.977 4 1.858 0.203
1248446712.450 3 3.690 -0.169
1248446712.450 4 1.861 0.119
1248446712.687 3 3.643 -0.167
1248446712.687 4 1.844 0.119
1248446712.925 9 7.100 -0.222
1248446712.925 4 1.838 0.119
1248446713.247 3 3.598 -0.165
1248446713.247 4 1.818 0.119
1248446713.486 3 3.554 -0.162
1248446713.486 4 1.810 0.120
1248446713.718 4 1.803 0.055
1248446713.957 11 5.452 -0.176
1248446713.957 4 1.803 0.037
1248446714.198 3 3.427 -0.242
1248446714.198 4 1.788 0.036
1248446714.438 3 3.387 -0.239
1248446714.438 4 1.774 0.035
1248446714.677 10 6.861 -0.296
1248446714.677 4 1.769 0.032
1248446714.939 4 1.751 0.004
1248446715.416 3 3.236 -0.327
1248446715.416 4 1.734 -0.054
1248446715.653 4 1.724 -0.054
1248446715.894 13 5.154 -0.234
1248446715.894 4 1.727 -0.054
1248446716.137 11 5.250 -0.274
1248446716.137 4 1.706 -0.056
1248446716.379 13 5.062 -0.241
1248446716.379 4 1.703 -0.056
1248446716.628 3 3.089 -0.391
1248446716.628 13 4.974 -0.317
1248446716.628 4 1.676 -0.132
1248446716.889 3 3.065 -0.388
1248446716.889 4 1.657 -0.128
1248446717.142 10 6.304 -0.464
1248446717.142 4 1.643 -0.129
1248446717.395 4 1.635 -0.126
1248446717.676 4 1.612 -0.165
1248446717.935 13 4.710 -0.432
1248446717.935 4 1.578 -0.237
1248446718.201 13 4.664 -0.437
1248446718.201 4 1.565 -0.250
1248446718.450 13 4.674 -0.436
1248446718.450 4 1.554 -0.251
1248446718.705 4 1.543 -0.250
1248446718.955 4 1.538 -0.249
1248446719.449 3 2.673 -0.511
1248446719.449 4 1.497 -0.285
1248446719.695 3 2.613 -0.532
1248446719.696 4 1.475 -0.309
1248446719.941 3 2.579 -0.546
1248446719.941 4 1.457 -0.329
1248446720.198 3 2.542 -0.558
1248446720.198 4 1.436 -0.346
1248446720.451 4 1.415 -0.354
1248446720.705 4 1.397 -0.365
1248446720.958 4 1.361 -0.394
1248446721.941 4 1.286 -0.419
1248446722.434 4 1.265 -0.431
1248446722.682 13 4.113 -0.571
1248446722.682 4 1.257 -0.427
1248446722.929 4 1.246 -0.431
1248446723.191 4 1.243 -0.434
1248446723.683 4 1.224 -0.441
1248446723.931 4 1.216 -0.441
1248446724.179 13 4.173 -0.573
1248446724.179 4 1.214 -0.441
1248446724.427 4 1.203 -0.450
1248446724.675 4 1.197 -0.446
1248446724.920 4 1.189 -0.448
1248446725.166 4 1.187 -0.450
1248446725.654 4 1.180 -0.452
1248446725.901 4 1.158 -0.438
1248446726.157 4 1.167 -0.420
1248446726.657 4 1.128 -0.432
1248446749.555 13 3.387 -0.549
1248446749.790 13 3.510 -0.469
1248446750.028 11 3.643 -0.506
1248446750.028 13 3.468 -0.484
1248446750.266 12 3.374 -0.571
1248446750.266 13 3.450 -0.504
1248446750.737 11 3.690 -0.451
1248446750.737 13 3.554 -0.418
1248446750.974 11 3.754 -0.413
1248446750.974 13 3.598 -0.380
1248446751.212 11 3.678 -0.448
1248446751.212 13 3.518 -0.417
1248446751.440 13 3.563 -0.367
1248446751.676 11 3.738 -0.388
1248446751.676 13 3.583 -0.356
1248446751.916 13 3.554 -0.387
1248446752.153 13 3.500 -0.415
1248446752.407 13 3.516 -0.372
1248446752.643 13 3.634 -0.262
1248446752.880 13 3.598 -0.274
1248446753.164 13 3.643 -0.171
1248446753.401 13 3.690 -0.131
1248446753.635 12 3.663 -0.239
1248446753.636 13 3.638 -0.165
1248446753.871 11 3.838 -0.226
1248446753.871 13 3.614 -0.192
1248446754.101 11 3.838 -0.145
1248446754.101 13 3.643 -0.116
1248446754.337 13 3.690 -0.052
1248446754.572 13 3.656 -0.067
1248446754.804 11 3.838 -0.094
1248446754.804 13 3.643 -0.068
1248446755.272 12 3.638 -0.118
1248446755.272 13 3.592 -0.044
1248446755.502 11 3.787 -0.056
1248446755.502 13 3.554 -0.027
1248446755.733 11 3.812 0.020
1248446755.733 13 3.565 0.048
1248446755.968 13 3.554 0.083
1248446756.204 12 3.643 -0.004
1248446756.204 13 3.554 0.072
1248446756.437 12 3.592 0.022
1248446756.437 13 3.510 0.097
1248446756.674 6 5.349 -0.413
1248446756.674 7 5.559 -0.383
1248446756.675 8 5.559 -0.353
1248446756.675 9 5.671 -0.013
1248446756.675 12 3.594 0.030
1248446756.675 11 3.738 0.071
1248446756.675 13 3.504 0.102
1248446756.912 6 5.250 -0.451
1248446756.912 7 5.452 -0.424
1248446756.912 8 5.452 -0.393
1248446756.912 9 5.559 -0.051
1248446756.912 12 3.565 -0.008
1248446756.912 11 3.724 0.030
1248446756.913 13 3.495 0.066
1248446757.147 12 3.548 0.050
1248446757.147 13 3.468 0.124
1248446757.853 12 3.510 0.099
1248446758.561 6 5.452 -0.317
1248446758.561 7 5.671 -0.288
1248446758.561 8 5.614 -0.262
1248446758.562 12 3.468 0.128
1248446758.562 11 3.598 0.170
1248446758.562 13 3.348 0.212
1248446759.029 12 3.353 0.231
1248446759.295 7 5.763 -0.158
1248446759.295 12 3.325 0.259
1248446759.771 7 5.671 -0.220
1248446760.231 12 3.186 0.342
1248446760.231 13 3.038 0.414
1248446760.698 6 5.559 -0.145
1248446760.698 8 5.671 -0.088
1248446760.698 12 3.200 0.300
1248446760.699 11 3.309 0.343
1248446760.699 13 3.040 0.378
1248446761.162 12 3.131 0.368
1248446761.399 6 5.559 -0.023
1248446761.399 7 5.671 0.003
1248446761.399 12 3.045 0.418
1248446761.399 11 3.131 0.457
1248446761.633 13 2.916 0.464
1248446761.867 8 5.671 -0.021
1248446761.867 13 2.914 0.449
1248446762.584 7 5.654 0.059
1248446762.584 12 2.896 0.475
1248446763.147 6 5.452 0.066
1248446763.394 7 5.559 0.134
1248446763.394 8 5.505 0.164
1248446763.628 8 5.452 0.165
1248446764.091 6 5.349 0.156
1248446764.326 6 5.349 0.183
1248446765.024 8 5.250 0.265
1248446765.258 7 5.349 0.239
1248446765.724 7 5.327 0.229
1248446765.724 8 5.250 0.260
1248446765.958 6 5.250 0.194
1248446765.958 8 5.250 0.258
1248446766.424 7 5.299 0.230
1248446766.424 8 5.154 0.263
1248446766.890 6 5.154 0.193
1248446768.060 7 5.154 0.230
1248446768.060 8 5.134 0.261
1248446768.294 7 5.154 0.221
1248446768.529 7 5.154 0.221
1248446768.529 8 5.062 0.254
1248446769.230 7 5.139 0.207
1248446769.230 8 4.974 0.246
1248446769.466 7 5.119 0.203
1248446769.466 8 4.986 0.234
1248446769.931 7 5.062 0.180
1248446769.931 8 5.062 0.208
1248446770.163 7 5.062 0.170
1248446770.630 7 5.032 0.169
1248446770.630 8 4.974 0.197
1248446771.097 7 5.006 0.168
1248446771.331 7 4.999 0.161
1248446771.564 7 4.974 0.154
1248446771.564 8 4.888 0.187
1248446772.254 7 4.974 0.161
1248446772.481 7 4.967 0.156
1248446772.948 7 4.922 0.142
1248446772.948 8 4.805 0.178
1248446773.251 6 4.779 0.115
1248446773.251 8 4.805 0.180
1248446773.740 7 4.826 0.160
1248446773.740 8 4.760 0.197
1248446773.984 7 4.846 0.155
1248446773.984 8 4.726 0.190
1248446774.217 8 4.726 0.183
1248446774.451 6 4.668 0.112
1248446774.684 7 4.805 0.144
1248446774.684 8 4.678 0.181
1248446775.188 8 4.679 0.184
1248446775.423 6 4.641 0.109
1248446775.423 7 4.726 0.139
1248446775.423 8 4.649 0.176
1248446775.659 6 4.649 0.101
1248446775.659 7 4.734 0.131
1248446775.660 8 4.654 0.169
1248446775.896 6 4.574 0.105
1248446775.896 7 4.698 0.136
1248446775.896 8 4.638 0.173
1248446776.370 6 4.550 0.107
1248446776.370 7 4.676 0.138
1248446776.370 8 4.574 0.174
1248446776.606 6 4.502 0.105
1248446776.606 7 4.649 0.136
1248446776.606 8 4.589 0.173
1248446776.840 6 4.574 0.083
1248446776.840 7 4.607 0.124
1248446776.840 8 4.574 0.162
1248446777.310 6 4.502 0.103
1248446777.311 7 4.594 0.126
1248446777.311 8 4.574 0.162
1248446778.016 6 4.432 0.080
1248446778.016 7 4.565 0.110
1248446778.252 6 4.425 0.082
1248446778.252 7 4.565 0.113
1248446778.252 8 4.449 0.151
1248446778.488 6 4.389 0.085
1248446778.489 7 4.507 0.117
1248446778.489 8 4.432 0.155
1248446778.724 7 4.574 0.127
1248446778.960 6 4.404 0.083
1248446778.960 7 4.519 0.114
1248446778.960 8 4.432 0.154
1248446779.435 6 4.357 0.071
1248446779.435 7 4.491 0.103
1248446779.909 6 4.290 0.079
1248446779.909 7 4.400 0.111
1248446779.909 8 4.356 0.152
1248446780.377 6 4.298 0.082
1248446780.610 6 4.277 0.080
1248446780.610 7 4.398 0.111
1248446780.610 8 4.298 0.145
1248446780.836 6 4.214 0.081
1248446780.836 7 4.298 0.113
1248446780.837 8 4.298 0.154
1248446781.070 6 4.201 0.079
1248446781.070 7 4.323 0.111
1248446781.070 8 4.273 0.152
1248446781.525 6 4.173 0.077
1248446781.525 7 4.303 0.109
1248446781.525 8 4.283 0.149
1248446781.761 6 4.165 0.083
1248446781.761 7 4.302 0.117
1248446781.761 8 4.241 0.157
1248446781.998 6 4.155 0.083
1248446781.998 7 4.270 0.117
1248446781.998 8 4.203 0.158
1248446782.245 7 4.253 0.108
1248446782.245 8 4.235 0.147
1248446782.492 6 4.113 0.070
1248446782.493 8 4.235 0.145
1248446782.729 6 4.113 0.085
1248446782.729 7 4.235 0.117
1248446782.729 8 4.203 0.151
1248446783.297 8 4.173 0.151
1248446783.529 6 4.055 0.069
1248446783.762 7 4.173 0.101
1248446783.762 8 4.133 0.143
1248446783.995 7 4.127 0.098
1248446783.995 8 4.093 0.141
1248446784.456 7 4.109 0.094
1248446784.456 8 3.998 0.137
1248446785.142 6 3.943 0.055
1248446785.142 8 4.003 0.133
1248446785.374 8 3.998 0.131
1248446785.607 6 3.896 0.044
1248446785.607 7 4.024 0.085
1248446785.839 7 4.006 0.090
1248446785.839 8 3.970 0.136
1248446786.071 7 3.998 0.090
1248446786.071 8 3.943 0.130
1248446786.309 6 3.890 0.049
1248446786.309 8 3.943 0.129
1248446786.543 8 3.898 0.121
1248446786.776 8 3.890 0.117
1248446787.240 7 3.900 0.067
1248446787.240 8 3.886 0.113
1248446787.704 7 3.901 0.057
1248446787.936 7 3.867 0.060
1248446787.936 8 3.807 0.107
1248446788.862 7 3.800 0.047
1248446788.862 8 3.780 0.094
1248446789.095 7 3.787 0.046
1248446789.095 8 3.745 0.093
1248446789.330 6 3.614 0.017
1248446789.330 8 3.728 0.104
1248446789.816 6 3.598 0.002
1248446789.816 7 3.738 0.034
1248446790.056 7 3.706 0.037
1248446790.056 8 3.649 0.084
1248446790.289 7 3.681 0.043
1248446790.289 8 3.669 0.090
1248446790.514 7 3.660 0.047
1248446790.514 8 3.643 0.095
1248446790.740 8 3.630 0.091
1248446791.438 7 3.605 0.029
1248446791.438 8 3.589 0.079
1248446791.671 7 3.572 0.028
1248446791.671 8 3.556 0.078
1248446791.904 7 3.558 0.022
1248446791.904 8 3.527 0.073
1248446792.830 6 3.380 -0.036
1248446792.830 8 3.498 0.056
1248446793.365 6 3.328 -0.039
1248446793.366 8 3.437 0.052
1248446793.827 7 3.454 0.002
1248446793.827 8 3.405 0.055
1248446794.057 6 3.272 -0.042
1248446794.314 6 3.251 -0.043
1248446794.314 7 3.394 -0.003
1248446794.314 8 3.373 0.053
1248446794.562 6 3.230 -0.054
1248446794.563 7 3.380 -0.011
1248446794.563 8 3.350 0.043
1248446794.812 6 3.218 -0.057
1248446794.812 8 3.327 0.039
1248446795.042 7 3.318 -0.005
1248446795.042 8 3.309 0.048
1248446795.503 7 3.309 -0.012
1248446795.503 8 3.282 0.040
1248446795.962 8 3.272 0.024
1248446796.190 8 3.236 0.061
1248446796.651 7 3.236 0.048
1248446796.651 8 3.200 0.107
1248446796.881 8 3.182 0.104
1248446797.112 7 3.188 0.055
1248446797.112 8 3.162 0.112
1248446797.572 7 3.163 0.040
1248446797.572 8 3.122 0.096
1248446797.803 7 3.141 0.032
1248446797.803 8 3.104 0.090
1248446798.034 7 3.165 0.039
1248446798.263 7 3.098 0.035
1248446798.263 8 3.068 0.092
1248446798.724 7 3.068 0.028
1248446798.724 8 3.042 0.086
1248446798.956 7 3.049 0.025
1248446798.956 8 3.025 0.083
1248446799.189 6 2.912 -0.029
1248446799.190 8 3.022 0.078
1248446799.655 6 2.879 -0.045
1248446799.655 8 2.976 0.064
1248446799.887 7 2.977 0.005
1248446799.887 8 2.958 0.066
1248446800.118 7 2.973 0.004
1248446800.118 8 2.943 0.065
1248446800.350 8 2.915 0.053
1248446800.817 6 2.775 -0.071
1248446800.817 7 2.919 -0.020
1248446800.817 8 2.893 0.042
1248446801.890 6 2.696 -0.083
1248446801.891 7 2.833 -0.030
1248446801.891 8 2.819 0.033
1248446802.868 7 2.774 -0.046
1248446802.868 8 2.753 0.020
1248446803.125 8 2.727 0.020
1248446803.397 8 2.704 0.017
1248446803.644 7 2.711 -0.049
1248446803.644 8 2.683 0.017
1248446803.877 7 2.706 -0.048
1248446803.877 8 2.685 0.019
1248446804.582 6 2.513 -0.107
1248446804.583 8 2.646 0.020
1248446805.095 7 2.614 -0.045
1248446805.095 8 2.602 0.024
1248446805.558 7 2.587 -0.047
1248446805.558 8 2.564 0.024
1248446805.789 8 2.553 0.029
1248446806.251 7 2.524 -0.060
1248446806.251 8 2.504 0.012
1248446806.936 6 2.335 -0.143
1248446806.936 8 2.471 -0.009
1248446807.168 7 2.459 -0.095
1248446807.168 8 2.440 -0.019
1248446807.400 8 2.431 -0.041
1248446807.630 7 2.411 -0.142
1248446807.630 8 2.407 -0.065
1248446807.862 6 2.245 -0.211
1248446807.862 8 2.390 -0.071
1248446808.104 7 2.389 -0.149
1248446808.104 8 2.383 -0.071
1248446808.796 7 2.327 -0.186
1248446808.796 8 2.326 -0.106
1248446809.491 7 2.281 -0.196
1248446809.723 8 2.264 -0.130
1248446809.965 6 2.075 -0.289
1248446809.965 8 2.247 -0.140
1248446810.199 6 2.056 -0.295
1248446810.199 7 2.216 -0.231
1248446810.199 8 2.223 -0.150
1248446810.670 6 2.011 -0.322
1248446810.670 7 2.170 -0.250
1248446810.670 8 2.183 -0.166
1248446810.914 6 2.006 -0.318
1248446810.914 7 2.165 -0.250
1248446810.914 8 2.171 -0.169
1248446811.641 6 1.950 -0.346
1248446811.641 7 2.109 -0.282
1248446811.641 8 2.122 -0.192
1248446812.796 6 1.837 -0.408
1248446812.796 7 2.002 -0.338
1248446812.796 8 2.022 -0.245
1248446813.027 6 1.751 -0.510
1248446813.027 7 1.920 -0.432
1248446813.027 8 1.954 -0.339
1248446813.584 9 2.272 0.373
1248446813.813 10 2.249 0.376
1248446814.044 10 2.281 0.320
1248446814.275 10 2.276 0.311
1248446814.508 10 2.266 0.309
1248446814.974 10 2.233 0.312
1248446816.131 10 2.138 0.328
1248446816.596 10 2.127 0.326
1248446816.829 10 2.104 0.338
1248446817.293 10 2.061 0.345
1248446817.758 10 2.038 0.342
1248446818.220 10 2.012 0.344
1248446818.912 10 1.943 0.366
1248446819.144 9 1.996 0.268
1248446819.144 10 1.941 0.357
1248446819.379 9 1.972 0.275
1248446819.380 10 1.924 0.362
1248446819.616 9 1.965 0.276
1248446819.617 10 1.914 0.365
1248446820.087 9 1.922 0.282
1248446820.087 10 1.875 0.370
1248446820.323 9 1.917 0.277
1248446820.323 10 1.887 0.355
1248446820.558 9 1.890 0.285
1248446820.558 10 1.841 0.376
1248446821.026 9 1.875 0.274
1248446821.026 10 1.827 0.364
1248446821.263 9 1.880 0.214
1248446821.263 10 1.837 0.312
1248446821.505 9 1.874 0.208
1248446821.506 10 1.841 0.302
1248446822.220 9 1.827 0.213
1248446822.220 10 1.789 0.312
1248446822.451 9 1.804 0.222
1248446822.683 9 1.791 0.220
1248446822.683 10 1.759 0.318
1248446822.911 10 1.745 0.325
1248446823.484 10 1.766 0.219
1248446823.949 10 1.717 0.241
1248446824.414 10 1.684 0.244
1248446824.645 10 1.661 0.250
1248446824.873 10 1.656 0.245
1248446825.333 9 1.650 0.060
1248446825.333 10 1.645 0.171
1248446825.797 10 1.626 0.171
1248446826.260 10 1.592 0.174
1248446826.494 10 1.577 0.176
1248446826.953 10 1.555 0.130
1248446827.184 10 1.547 0.090
1248446827.417 10 1.556 0.124
1248446827.649 10 1.518 0.103
1248446828.112 10 1.491 0.107
1248446828.572 10 1.475 0.107
1248446828.800 10 1.465 0.038
1248446829.030 10 1.454 -0.048
1248446829.259 10 1.424 -0.150
1248446829.492 10 1.388 -0.240
1248446829.725 10 1.342 -0.332
1248446829.956 10 1.278 -0.444
1248446830.189 10 1.217 -0.535
1248446832.079 11 1.281 0.472
1248446832.316 11 1.269 0.475
1248446832.552 11 1.248 0.478
1248446833.355 11 1.203 0.472
1248446833.830 11 1.183 0.454
1248446834.066 11 1.187 0.445
1248446834.305 11 1.150 0.458
1248446834.543 11 1.139 0.461
1248446866.368 17 6.304 0.442
1248446866.368 16 6.304 0.470
1248446867.074 18 6.448 0.356
1248446867.775 18 6.448 0.273
1248446869.896 16 6.600 0.226
1248446870.366 16 6.600 0.234
1248446870.617 18 6.448 0.191
1248446870.617 16 6.600 0.235
1248446871.118 16 6.448 0.244
1248446871.118 4 4.266 0.397
1248446871.827 17 6.448 0.219
1248446871.827 4 4.203 0.400
1248446872.064 4 4.153 0.401
1248446872.064 19 6.758 0.457
1248446872.300 16 6.448 0.243
1248446872.773 17 6.340 0.218
1248446872.773 19 6.758 0.456
1248446873.344 18 6.166 0.200
1248446873.344 19 6.758 0.459
1248446873.812 17 6.448 0.148
1248446874.047 16 6.448 0.168
1248446874.281 16 6.448 0.173
1248446874.281 14 5.062 0.452
1248446874.514 14 5.062 0.451
1248446875.212 19 7.100 0.308
1248446875.446 16 6.448 0.090
1248446875.679 17 6.304 -0.011
1248446875.679 4 4.203 0.190
1248446876.147 17 6.304 -0.022
1248446876.147 14 5.250 0.297
1248446876.381 19 7.284 0.234
1248446876.381 14 5.250 0.296
1248446876.844 16 6.304 -0.068
1248446876.844 4 4.298 0.115
1248446877.077 4 4.235 0.114
1248446877.311 17 6.166 -0.096
1248446877.311 19 7.160 0.157
1248446877.772 16 6.166 -0.152
1248446877.772 2 4.185 0.225
1248446878.237 17 6.034 -0.192
1248446878.237 5 3.554 0.474
1248446878.698 4 4.235 -0.034
1248446880.308 14 5.154 -0.092
1248446880.308 5 3.690 0.260
1248446880.774 4 4.173 -0.206
1248446881.006 16 5.559 -0.429
1248446881.007 3 2.941 0.347
1248446881.239 14 5.099 -0.109
1248446881.239 3 2.941 0.351
1248446881.701 20 6.758 -0.153
1248446881.701 3 2.912 0.360
1248446882.158 14 5.062 -0.174
1248446882.158 3 2.956 0.312
1248446882.390 4 4.055 -0.270
1248446882.390 3 2.941 0.314
1248446882.847 2 3.738 -0.076
1248446882.847 3 2.950 0.276
1248446883.109 4 3.943 -0.367
1248446883.109 14 4.888 -0.269
1248446883.109 15 5.062 -0.244
1248446883.109 2 3.690 -0.116
1248446883.109 5 3.637 0.107
1248446883.109 3 2.974 0.242
1248446883.656 14 4.805 -0.276
1248446883.656 3 2.944 0.249
1248446884.345 14 4.726 -0.318
1248446884.346 3 2.971 0.219
1248446884.805 15 4.805 -0.311
1248446884.805 3 2.971 0.220
1248446885.034 14 4.679 -0.327
1248446885.034 3 2.925 0.230
1248446885.263 5 3.510 0.075
1248446885.263 3 2.925 0.248
1248446885.493 3 2.915 0.250
1248446885.722 14 4.592 -0.328
1248446885.722 3 2.902 0.246
1248446885.952 14 4.649 -0.334
1248446885.952 3 2.912 0.247
1248446886.643 19 6.166 -0.404
1248446886.643 3 2.855 0.270
1248446886.873 5 3.364 0.077
1248446886.873 3 2.861 0.268
1248446887.330 14 4.516 -0.315
1248446887.331 3 2.855 0.288
1248446887.560 3 2.855 0.288
1248446888.020 19 6.034 -0.405
1248446888.020 3 2.827 0.294
1248446888.480 2 2.941 -0.130
1248446888.480 3 2.827 0.302
1248446888.939 2 2.889 -0.119
1248446888.939 3 2.800 0.318
1248446889.169 15 4.502 -0.296
1248446889.169 3 2.779 0.320
1248446890.321 14 4.364 -0.316
1248446890.321 3 2.758 0.344
1248446890.552 5 3.098 0.122
1248446890.780 14 4.298 -0.316
1248446890.781 3 2.763 0.350
1248446892.171 2 2.462 -0.071
1248446892.634 5 2.950 0.139
1248446892.866 5 2.930 0.142
1248446892.866 3 2.661 0.388
1248446893.197 5 2.897 0.145
1248446893.427 5 2.883 0.145
1248446893.659 5 2.855 0.149
1248446893.891 14 4.055 -0.307
1248446893.891 5 2.827 0.155
1248446894.123 2 2.264 -0.022
1248446894.123 5 2.831 0.149
1248446894.353 5 2.827 0.148
1248446894.831 15 4.193 -0.281
1248446894.831 5 2.751 0.161
1248446895.075 5 2.751 0.171
1248446895.305 15 4.173 -0.280
1248446895.305 5 2.731 0.168
1248446895.537 15 4.173 -0.277
1248446895.537 5 2.722 0.173
1248446895.769 2 2.078 0.044
1248446895.769 3 2.602 0.436
1248446896.000 2 2.071 0.045
1248446896.000 5 2.697 0.178
1248446896.232 15 4.113 -0.284
1248446896.232 3 2.602 0.428
1248446896.463 15 4.055 -0.285
1248446896.463 3 2.602 0.431
1248446897.160 2 1.967 0.075
1248446897.440 15 4.055 -0.277
1248446897.440 5 2.583 0.189
1248446898.130 5 2.532 0.193
1248446898.592 2 1.772 0.170
1248446898.592 5 2.471 0.214
1248446899.055 20 5.452 -0.338
1248446899.055 5 2.451 0.220
1248446899.516 15 3.890 -0.282
1248446899.516 2 1.686 0.208
1248446899.980 2 1.635 0.238
1248446900.212 19 5.349 -0.374
1248446900.212 2 1.606 0.260
1248446900.444 14 3.690 -0.297
1248446900.444 3 2.513 0.465
1248446900.674 14 3.643 -0.301
1248446900.674 2 1.542 0.292
1248446901.142 20 5.349 -0.327
1248446901.142 3 2.471 0.470
1248446902.521 14 3.738 0.094
1248446903.550 17 4.726 -0.112
1248446903.550 4 3.073 0.069
1248446903.783 17 4.726 -0.111
1248446903.783 14 3.468 0.318
1248446904.009 17 4.713 -0.110
1248446904.009 14 3.468 0.312
1248446904.239 17 4.694 -0.111
1248446904.239 14 3.450 0.317
1248446904.706 17 4.649 -0.114
1248446904.706 14 3.403 0.318
1248446905.400 16 4.649 -0.083
1248446905.400 4 2.820 0.086
1248446905.633 16 4.649 -0.082
1248446905.633 19 5.250 0.247
1248446905.867 17 4.649 -0.128
1248446905.867 19 5.250 0.251
1248446906.332 17 4.537 -0.122
1248446906.332 19 5.250 0.248
1248446906.799 17 4.550 -0.120
1248446906.799 4 2.631 0.109
1248446907.032 18 4.432 -0.148
1248446907.032 4 2.604 0.113
1248446907.266 4 2.602 0.113
1248446907.732 16 4.574 -0.086
1248446907.732 19 5.154 0.259
1248446908.894 17 4.298 -0.220
1248446908.894 14 3.210 0.253
1248446909.126 4 2.372 0.052
1248446909.126 14 3.236 0.245
1248446910.053 4 2.226 -0.019
1248446910.053 14 3.184 0.173
1248446910.516 16 4.055 -0.362
1248446910.516 15 3.309 0.134
1248446911.207 14 3.165 0.055
1248446911.661 20 4.974 -0.033
1248446911.661 14 3.133 0.011
1248446911.884 14 3.109 -0.039
1248446912.328 15 3.200 -0.157
1248446912.551 20 4.765 -0.292
1248446912.551 3 2.317 0.475
1248446912.779 15 3.114 -0.242
1248446913.986 14 2.846 -0.283
1248446920.312 2 1.845 0.324
1248446920.540 2 1.858 0.294
1248446920.770 2 1.889 0.238
1248446921.001 2 1.922 0.189
1248446921.233 7 4.432 0.468
1248446921.472 2 1.925 0.128
1248446921.706 8 4.409 0.452
1248446921.940 6 4.432 0.395
1248446921.940 7 4.574 0.416
1248446922.175 2 1.916 0.111
1248446922.410 6 4.432 0.391
1248446922.410 8 4.432 0.446
1248446922.643 2 1.919 0.119
1248446922.880 7 4.449 0.420
1248446922.880 8 4.331 0.454
1248446923.201 7 4.466 0.419
1248446923.201 8 4.364 0.449
1248446923.434 7 4.432 0.420
1248446923.434 8 4.364 0.452
1248446923.667 6 4.364 0.378
1248446923.905 2 1.924 0.107
1248446923.905 8 4.364 0.425
1248446924.368 2 1.944 0.117
1248446924.851 2 1.929 0.126
1248446925.083 6 4.315 0.364
1248446925.083 8 4.298 0.431
1248446925.315 8 4.298 0.433
1248446925.549 7 4.364 0.393
1248446926.016 6 4.266 0.369
1248446926.016 8 4.235 0.437
1248446926.253 6 4.253 0.369
1248446926.253 8 4.235 0.437
1248446926.487 8 4.235 0.432
1248446926.717 2 1.941 0.119
1248446926.949 8 4.235 0.402
1248446927.181 2 1.929 0.128
1248446927.413 8 4.235 0.406
1248446927.645 6 4.235 0.343
1248446927.645 8 4.235 0.401
1248446927.878 7 4.298 0.364
1248446927.878 8 4.173 0.409
1248446928.109 6 4.173 0.333
1248446928.109 8 4.173 0.403
1248446928.342 6 4.173 0.333
1248446928.342 8 4.153 0.405
1248446928.574 2 1.923 0.153
1248446928.806 6 4.173 0.335
1248446928.806 8 4.055 0.415
1248446929.039 2 1.918 0.161
1248446929.272 6 4.109 0.341
1248446929.272 7 4.229 0.371
1248446929.505 6 4.093 0.343
1248446929.505 8 4.055 0.406
1248446929.977 2 1.917 0.149
1248446929.977 7 4.173 0.343
1248446930.457 2 1.928 0.158
1248446930.457 6 4.113 0.309
1248446930.695 2 1.955 0.163
1248446930.695 6 4.113 0.309
1248446930.695 7 4.214 0.342
1248446930.939 2 1.966 0.166
1248446930.940 6 4.055 0.319
1248446930.940 7 4.203 0.342
1248446930.940 8 4.055 0.391
1248446931.181 6 4.084 0.319
1248446931.181 7 4.144 0.349
1248446931.410 6 4.113 0.309
1248446931.410 8 4.113 0.381
1248446931.635 7 4.217 0.319
1248446931.861 7 4.250 0.279
1248446932.087 6 4.173 0.199
1248446932.087 7 4.298 0.231
1248446932.316 7 4.298 0.225
1248446932.545 6 4.193 0.192
1248446932.545 8 4.235 0.265
1248446932.780 2 2.077 0.064
1248446932.780 6 4.173 0.193
1248446932.780 7 4.262 0.226
1248446932.780 8 4.235 0.264
1248446933.012 2 2.091 0.067
1248446933.012 6 4.201 0.191
1248446933.012 7 4.279 0.225
1248446933.012 8 4.226 0.264
1248446933.325 6 4.173 0.191
1248446933.325 8 4.219 0.265
1248446933.556 6 4.178 0.193
1248446933.556 8 4.227 0.264
1248446933.791 2 2.148 0.078
1248446933.791 8 4.215 0.264
1248446934.021 2 2.162 0.064
1248446934.021 8 4.235 0.236
1248446934.252 6 4.173 0.130
1248446934.252 8 4.235 0.202
1248446934.480 7 4.364 0.110
1248446934.715 2 2.150 -0.076
1248446934.717 6 4.235 0.029
1248446934.717 7 4.320 0.065
1248446934.718 8 4.282 0.102
1248446934.955 8 4.298 0.096
1248446935.186 8 4.235 0.097
1248446935.418 6 4.137 0.024
1248446935.418 8 4.235 0.099
1248446935.650 6 4.113 0.028
1248446935.650 8 4.219 0.104
1248446935.882 6 4.143 0.026
1248446935.882 8 4.298 0.093
1248446936.115 6 4.113 0.029
1248446936.115 8 4.173 0.096
1248446936.347 6 4.093 0.028
1248446936.578 7 4.235 0.069
1248446936.578 8 4.235 0.105
1248446936.811 6 4.051 0.027
1248446936.811 8 4.113 0.104
1248446937.042 7 4.173 0.060
1248446937.042 8 4.146 0.102
1248446937.274 6 3.998 0.027
1248446937.274 8 4.080 0.103
1248446937.507 6 3.998 0.035
1248446937.507 8 4.113 0.096
1248446937.738 7 4.133 0.059
1248446937.738 8 4.055 0.104
1248446937.962 6 3.998 0.035
1248446937.962 8 4.093 0.096
1248446938.193 6 3.943 0.033
1248446938.193 8 4.026 0.104
1248446938.427 2 2.141 -0.037
1248446938.427 8 4.013 0.107
1248446938.661 7 4.051 0.065
1248446938.661 8 4.007 0.108
1248446938.894 7 4.025 0.064
1248446938.894 8 3.980 0.108
1248446939.125 7 4.029 0.054
1248446939.358 2 2.161 -0.062
1248446939.589 2 2.157 -0.056
1248446939.824 8 3.940 0.066
1248446940.056 2 2.135 -0.056
1248446940.056 8 3.920 0.069
1248446940.289 7 3.916 0.027
1248446940.289 8 3.893 0.068
1248446940.520 2 2.152 -0.051
1248446940.752 2 2.153 -0.046
1248446940.984 2 2.165 -0.038
1248446941.214 8 3.846 0.071
1248446941.441 7 3.838 0.032
1248446941.441 8 3.804 0.071
1248446941.895 7 3.838 0.035
1248446941.895 8 3.787 0.074
1248446942.129 7 3.787 0.034
1248446942.129 8 3.757 0.072
1248446942.360 2 2.096 -0.024
1248446942.590 8 3.787 0.036
1248446942.820 2 2.054 -0.056
1248446943.129 7 3.738 -0.010
1248446943.129 8 3.701 0.030
1248446943.360 8 3.697 0.030
1248446943.592 8 3.690 0.031
1248446943.823 2 1.994 -0.031
1248446944.286 8 3.631 0.035
1248446944.749 2 1.931 -0.008
1248446944.982 2 1.922 -0.003
1248446945.467 6 3.427 -0.059
1248446945.467 2 1.868 0.009
1248446945.467 8 3.690 0.027
1248446945.708 2 1.840 0.012
1248446945.941 2 1.805 0.018
1248446946.183 2 1.807 0.016
1248446946.423 2 1.764 0.026
1248446946.887 2 1.726 -0.021
1248446947.120 2 1.712 -0.044
1248446947.353 2 1.690 -0.051
1248446947.586 7 3.468 -0.121
1248446947.586 2 1.644 -0.037
1248446947.819 2 1.625 -0.034
1248446948.520 6 3.272 -0.152
1248446948.753 7 3.387 -0.107
1248446948.753 2 1.517 -0.000
1248446948.988 7 3.387 -0.116
1248446948.988 2 1.518 -0.011
1248446949.221 7 3.352 -0.116
1248446949.221 2 1.470 0.010
1248446949.454 7 3.348 -0.137
1248446949.454 2 1.453 -0.006
1248446949.689 2 1.436 -0.009
1248446950.159 7 3.323 -0.154
1248446950.159 2 1.400 -0.001
1248446950.393 7 3.312 -0.147
1248446950.393 2 1.378 0.016
1248446950.859 7 3.279 -0.168
1248446950.859 9 3.002 0.471
1248446951.093 2 1.312 0.011
1248446951.327 7 3.255 -0.176
1248446951.327 9 3.002 0.466
1248446951.563 7 3.236 -0.205
1248446951.563 2 1.277 0.003
1248446951.798 7 3.224 -0.216
1248446951.798 2 1.255 0.002
1248446952.033 7 3.207 -0.219
1248446952.033 10 2.912 0.477
1248446952.268 6 3.042 -0.262
1248446952.268 9 3.033 0.435
1248446952.504 7 3.181 -0.258
1248446952.504 9 3.072 0.400
1248446952.741 7 3.163 -0.252
1248446952.741 10 2.920 0.460
1248446953.331 7 3.163 -0.259
1248446953.331 9 3.033 0.410
1248446953.565 10 2.918 0.452
1248446953.796 7 3.122 -0.258
1248446953.796 10 2.864 0.460
1248446954.028 7 3.098 -0.264
1248446954.028 8 3.122 -0.205
1248446954.260 7 3.098 -0.283
1248446954.260 8 3.103 -0.231
1248446954.492 7 3.065 -0.302
1248446954.492 9 3.033 0.382
1248446954.721 8 3.083 -0.238
1248446955.200 8 3.048 -0.241
1248446955.431 7 3.051 -0.266
1248446955.431 10 2.807 0.474
1248446955.659 8 3.083 -0.159
1248446955.888 7 3.112 -0.156
1248446955.888 8 3.105 -0.098
1248446956.579 7 3.131 -0.025
1248446956.579 8 3.107 0.031
1248446956.811 7 3.131 0.058
1248446956.811 8 3.083 0.117
1248446957.043 7 3.131 0.103
1248446957.043 8 3.076 0.158
1248446957.275 7 3.107 0.148
1248446957.275 8 3.040 0.204
1248446957.509 7 3.063 0.215
1248446957.509 8 2.999 0.272
1248446957.743 7 3.033 0.255
1248446957.743 8 2.968 0.310
1248446957.974 7 2.989 0.295
1248446957.974 8 2.904 0.351
1248446958.208 7 2.936 0.352
1248446958.208 8 2.839 0.407
1248446958.908 6 2.683 0.447
1248446959.142 6 2.649 0.477
1248446970.164 20 6.034 -0.234
1248446970.627 20 6.034 -0.219
1248446971.320 20 6.034 -0.203
1248446973.962 20 5.826 -0.193
1248446974.711 15 4.113 -0.256
1248446975.204 15 4.055 -0.250
1248446975.204 19 5.787 -0.200
1248446975.204 20 5.787 -0.171
1248446975.436 15 3.998 -0.258
1248446975.436 19 5.787 -0.205
1248446975.436 20 5.787 -0.174
1248446976.386 14 3.890 -0.299
1248446976.386 20 5.671 -0.161
1248446976.852 15 3.943 -0.260
1248446978.012 19 5.671 -0.189
1248446978.705 14 3.690 -0.321
1248446978.938 20 5.452 -0.181
1248446979.168 20 5.452 -0.174
1248446979.395 20 5.478 -0.168
1248446980.082 20 5.452 -0.167
1248446980.548 20 5.452 -0.168
1248446981.013 20 5.349 -0.147
1248446981.707 20 5.349 -0.147
1248446981.938 15 3.598 -0.243
1248446981.938 20 5.349 -0.141
1248446982.625 20 5.250 -0.152
1248446982.855 14 3.427 -0.306
1248446982.855 20 5.278 -0.145
1248446984.508 14 3.328 -0.288
1248446984.508 20 5.196 -0.121
1248446984.752 3 3.598 -0.443
1248446984.754 19 5.250 -0.155
1248446984.754 20 5.250 -0.116
1248446984.990 19 5.154 -0.154
1248446984.990 20 5.154 -0.122
1248446985.223 14 3.272 -0.275
1248446985.223 20 5.131 -0.112
1248446985.454 19 5.202 -0.138
1248446985.454 20 5.062 -0.111
1248446985.688 20 5.062 -0.117
1248446985.921 19 5.154 -0.149
1248446985.921 20 5.108 -0.113
1248446986.155 14 3.209 -0.281
1248446986.155 20 5.062 -0.113
1248446986.387 20 5.062 -0.112
1248446986.854 15 3.272 -0.200
1248446986.855 20 4.988 -0.090
1248446987.320 14 3.147 -0.275
1248446987.320 20 4.983 -0.101
1248446988.271 19 4.974 -0.126
1248446988.518 15 3.200 -0.194
1248446988.518 20 4.937 -0.078
1248446988.760 19 4.974 -0.118
1248446988.760 20 4.959 -0.085
1248446989.264 14 3.033 -0.263
1248446989.264 20 4.805 -0.088
1248446990.004 14 2.990 -0.248
1248446990.004 20 4.805 -0.060
1248446990.267 20 4.805 -0.053
1248446990.749 3 2.869 -0.485
1248446990.749 14 2.941 -0.255
1248446990.749 19 4.815 -0.097
1248446990.749 20 4.805 -0.062
1248446990.984 3 2.827 -0.497
1248446990.985 14 2.912 -0.262
1248446990.985 15 3.002 -0.197
1248446990.985 19 4.805 -0.107
1248446990.985 20 4.795 -0.070
1248446991.444 14 2.905 -0.250
1248446991.445 15 3.000 -0.189
1248446991.445 19 4.805 -0.092
1248446991.445 20 4.726 -0.058
1248446991.687 17 4.235 -0.530
1248446991.688 3 2.774 -0.493
1248446991.688 14 2.914 -0.256
1248446991.688 15 3.005 -0.186
1248446991.688 19 4.805 -0.087
1248446991.688 20 4.726 -0.054
1248446991.930 17 4.235 -0.515
1248446991.931 3 2.745 -0.486
1248446991.931 14 2.883 -0.241
1248446991.931 15 2.978 -0.178
1248446991.931 19 4.772 -0.080
1248446991.931 20 4.714 -0.045
1248446992.177 14 2.883 -0.234
1248446992.177 20 4.726 -0.049
1248446992.428 20 4.726 -0.054
1248446992.677 3 2.661 -0.495
1248446992.677 20 4.649 -0.042
1248446992.923 20 4.649 -0.031
1248446993.181 3 2.597 -0.497
1248446993.182 14 2.800 -0.236
1248446993.182 15 2.888 -0.171
1248446993.182 19 4.692 -0.071
1248446993.182 20 4.627 -0.036
1248446993.445 20 4.649 -0.038
1248446993.933 15 2.849 -0.165
1248446993.933 20 4.574 -0.022
1248446994.174 3 2.503 -0.493
1248446994.174 16 4.173 -0.462
1248446994.175 14 2.745 -0.220
1248446994.175 15 2.834 -0.155
1248446994.175 19 4.614 -0.050
1248446994.175 20 4.548 -0.015
1248446994.892 3 2.399 -0.512
1248446994.893 14 2.687 -0.232
1248446994.893 15 2.777 -0.164
1248446994.893 19 4.553 -0.058
1248446994.893 20 4.502 -0.022
1248446995.122 3 2.353 -0.516
1248446995.122 14 2.697 -0.243
1248446995.122 19 4.574 -0.055
1248446995.122 20 4.502 -0.017
1248446996.157 3 2.270 -0.503
1248446996.157 14 2.610 -0.213
1248446996.157 15 2.700 -0.145
1248446996.157 19 4.456 -0.032
1248446996.157 20 4.395 0.005
1248446996.640 14 2.573 -0.207
1248446996.640 20 4.384 0.013
1248446996.879 14 2.561 -0.191
1248446996.879 20 4.364 0.020
1248446997.117 16 3.998 -0.455
1248446997.117 20 4.318 0.020
1248446997.356 17 4.055 -0.483
1248446997.356 20 4.316 0.023
1248446997.596 15 2.603 -0.135
1248446997.596 20 4.298 0.026
1248446998.321 14 2.478 -0.183
1248446998.321 20 4.271 0.047
1248446998.568 3 2.023 -0.489
1248446998.568 20 4.246 0.045
1248446998.812 17 4.055 -0.472
1248446998.812 20 4.235 0.048
1248446999.054 3 1.980 -0.484
1248446999.054 17 4.055 -0.469
1248446999.054 14 2.432 -0.171
1248446999.054 15 2.521 -0.107
1248446999.054 19 4.278 0.020
1248446999.054 20 4.235 0.057
1248446999.296 3 1.949 -0.479
1248446999.296 14 2.410 -0.166
1248446999.296 15 2.496 -0.097
1248446999.296 19 4.250 0.026
1248446999.296 20 4.178 0.064
1248446999.760 16 4.055 -0.410
1248446999.760 20 4.163 0.077
1248446999.988 20 4.113 0.073
1248447000.457 3 1.803 -0.500
1248447000.457 14 2.350 -0.183
1248447000.457 15 2.431 -0.108
1248447000.458 19 4.173 0.022
1248447000.458 20 4.081 0.061
1248447000.694 3 1.802 -0.493
1248447000.694 14 2.352 -0.181
1248447000.694 15 2.432 -0.104
1248447000.694 19 4.235 0.022
1248447000.694 20 4.117 0.061
1248447000.933 3 1.780 -0.489
1248447000.933 16 3.998 -0.436
1248447000.933 14 2.341 -0.181
1248447000.933 15 2.429 -0.107
1248447000.933 19 4.203 0.022
1248447000.933 20 4.113 0.061
1248447001.230 3 1.764 -0.501
1248447001.231 16 3.998 -0.437
1248447001.231 14 2.343 -0.187
1248447001.231 15 2.430 -0.114
1248447001.231 19 4.188 0.015
1248447001.231 20 4.088 0.053
1248447001.620 14 2.341 -0.200
1248447002.061 3 1.717 -0.488
1248447002.061 14 2.312 -0.173
1248447002.062 15 2.395 -0.101
1248447002.062 19 4.165 0.025
1248447002.062 20 4.062 0.064
1248447002.407 14 2.292 -0.171
1248447002.408 15 2.372 -0.086
1248447002.408 19 4.173 0.033
1248447003.252 14 2.242 -0.135
1248447003.252 20 3.984 0.113
1248447003.487 16 3.738 -0.372
1248447003.487 20 3.949 0.123
1248447003.722 17 3.787 -0.413
1248447003.722 20 3.919 0.137
1248447004.193 14 2.177 -0.110
1248447004.194 20 3.890 0.144
1248447004.429 15 2.228 -0.041
1248447004.429 20 3.868 0.134
1248447004.664 14 2.137 -0.118
1248447004.664 20 3.847 0.136
1248447004.901 19 3.943 0.099
1248447005.374 3 1.340 -0.473
1248447005.375 20 3.794 0.162
1248447005.610 15 2.150 -0.011
1248447006.074 14 2.006 -0.226
1248447006.074 20 3.787 0.042
1248447006.305 15 2.075 -0.210
1248447006.532 15 2.006 -0.290
1248447006.756 15 1.951 -0.357
1248447006.756 20 3.643 -0.165
1248447006.980 15 1.913 -0.405
1248447006.980 20 3.643 -0.212
1248447007.206 20 3.554 -0.290
1248447008.620 19 3.387 -0.448
1248447010.003 19 3.309 -0.450
1248447012.308 19 3.165 -0.472
1248447013.314 19 3.387 -0.215
1248447013.541 20 3.353 -0.084
1248447013.773 20 3.348 -0.080
1248447014.003 14 1.508 -0.476
1248447014.003 20 3.317 -0.078
1248447014.233 19 3.373 -0.128
1248447014.233 20 3.309 -0.081
1248447014.462 20 3.278 -0.081
1248447014.943 14 1.428 -0.513
1248447014.943 20 3.249 -0.087
1248447015.643 14 1.455 -0.430
1248447015.643 20 3.236 -0.008
1248447016.346 19 3.312 0.025
1248447016.346 20 3.215 0.077
1248447016.585 14 1.451 -0.351
1248447016.585 20 3.178 0.075
1248447016.821 19 3.265 0.030
1248447016.821 20 3.160 0.078
1248447017.062 16 3.111 -0.469
1248447017.063 14 1.448 -0.287
1248447017.063 15 1.521 -0.160
1248447017.063 19 3.236 0.099
1248447017.782 20 3.070 0.160
1248447018.025 17 3.065 -0.521
1248447018.025 16 3.074 -0.467
1248447018.025 14 1.399 -0.276
1248447018.025 15 1.465 -0.156
1248447018.025 19 3.195 0.107
1248447018.025 20 3.079 0.157
1248447018.261 17 3.098 -0.501
1248447018.261 16 3.098 -0.447
1248447018.261 15 1.455 -0.159
1248447018.262 19 3.131 0.131
1248447018.736 18 3.131 -0.484
1248447018.736 17 3.141 -0.435
1248447018.736 16 3.131 -0.384
1248447018.736 14 1.377 -0.211
1248447018.736 15 1.437 -0.077
1248447018.736 19 3.084 0.193
1248447018.736 20 2.950 0.243
1248447019.459 16 3.149 -0.341
1248447019.459 20 2.896 0.288
1248447019.699 14 1.327 -0.160
1248447019.699 20 2.883 0.289
1248447019.955 14 1.311 -0.178
1248447019.955 15 1.355 -0.033
1248447020.195 16 3.144 -0.294
1248447020.195 20 2.807 0.337
1248447020.433 14 1.290 -0.119
1248447020.433 20 2.782 0.346
1248447020.662 14 1.268 -0.119
1248447020.895 16 3.131 -0.258
1248447020.895 19 2.846 0.328
1248447021.370 16 3.134 -0.197
1248447021.370 15 1.283 0.083
1248447021.609 17 3.186 -0.237
1248447021.609 15 1.248 0.127
1248447021.846 17 3.155 -0.224
1248447021.846 15 1.229 0.127
1248447022.076 17 3.157 -0.218
1248447022.076 19 2.675 0.428
1248447022.310 17 3.155 -0.216
1248447022.310 19 2.657 0.433
1248447022.549 14 1.159 -0.003
1248447023.021 19 2.714 0.348
1248447023.359 19 2.748 0.282
1248447023.589 15 1.115 -0.101
1248447023.589 20 2.710 0.226
1248447024.053 20 2.722 0.033
1248447024.284 20 2.722 -0.031
1248447024.514 20 2.692 -0.149
1248447025.663 20 2.492 -0.347
1248447038.729 19 1.825 -0.558
1248447039.880 20 1.851 -0.342
1248447040.110 19 1.909 -0.407
1248447040.335 20 1.840 -0.317
1248447040.560 20 1.836 -0.335
1248447041.704 19 1.865 -0.338
1248447041.704 20 1.796 -0.256
1248447042.163 19 1.837 -0.335
1248447042.163 20 1.764 -0.255
1248447042.386 20 1.776 -0.202
1248447042.619 20 1.774 -0.169
1248447042.853 20 1.755 -0.171
1248447043.190 20 1.747 -0.176
1248447043.415 19 1.817 -0.229
1248447043.640 20 1.720 -0.077
1248447043.874 19 1.816 -0.160
1248447043.874 20 1.718 -0.079
1248447044.342 19 1.784 -0.162
1248447044.342 20 1.683 -0.078
1248447044.574 20 1.668 -0.066
1248447044.820 20 1.659 -0.006
1248447045.085 20 1.639 0.010
1248447045.320 20 1.627 0.006
1248447045.786 20 1.612 0.066
1248447046.021 19 1.712 -0.003
1248447046.258 20 1.561 0.097
1248447046.493 20 1.547 0.097
1248447046.728 20 1.516 0.161
1248447046.955 20 1.523 0.151
1248447047.189 20 1.507 0.160
1248447047.646 20 1.469 0.181
1248447048.112 20 1.436 0.197
1248447048.340 20 1.386 0.302
1248447048.797 20 1.332 0.370
1248447049.256 20 1.312 0.356
1248447049.485 20 1.306 0.355
1248447049.720 20 1.288 0.357
1248447049.957 19 1.420 0.271
1248447049.958 20 1.266 0.370
1248447050.426 19 1.360 0.347
1248447050.659 18 2.299 -0.550
1248447050.659 17 2.237 -0.496
1248447050.659 16 2.157 -0.451
1248447050.659 19 1.304 0.438
1248447051.135 17 2.404 -0.314
1248447051.136 16 2.294 -0.262
1248447051.603 18 2.481 -0.355
1248447051.603 17 2.382 -0.306
1248447051.603 16 2.274 -0.260
1248447051.838 18 2.467 -0.354
1248447051.838 17 2.371 -0.304
1248447051.838 16 2.258 -0.259
1248447052.074 18 2.438 -0.357
1248447052.075 17 2.345 -0.307
1248447052.075 16 2.233 -0.261
1248447052.547 18 2.451 -0.358
1248447052.547 17 2.355 -0.307
1248447052.548 16 2.239 -0.261
1248447052.788 18 2.430 -0.361
1248447052.788 17 2.338 -0.311
1248447052.788 16 2.222 -0.265
1248447053.029 18 2.419 -0.363
1248447053.029 17 2.322 -0.313
1248447053.029 16 2.206 -0.266
1248447053.334 17 2.310 -0.321
1248447053.334 16 2.198 -0.273
1248447053.567 16 2.197 -0.290
1248447053.802 18 2.365 -0.369
1248447053.803 17 2.271 -0.318
1248447053.803 16 2.157 -0.271
1248447054.035 18 2.342 -0.375
1248447054.036 17 2.249 -0.323
1248447054.036 16 2.138 -0.275
1248447054.267 17 2.230 -0.315
1248447054.267 16 2.125 -0.272
1248447054.511 16 2.131 -0.268
1248447054.755 17 2.197 -0.328
1248447054.755 16 2.084 -0.280
1248447055.006 16 2.113 -0.205
1248447055.276 16 2.096 -0.202
1248447055.536 16 2.104 -0.195
1248447055.783 17 2.185 -0.254
1248447055.784 16 2.064 -0.204
1248447056.032 17 2.208 -0.208
1248447056.032 16 2.076 -0.160
1248447056.517 18 2.303 -0.224
1248447056.517 17 2.185 -0.172
1248447056.517 16 2.053 -0.122
1248447056.756 16 2.046 -0.121
1248447057.011 18 2.299 -0.210
1248447057.011 17 2.163 -0.165
1248447057.011 16 2.034 -0.112
1248447057.245 18 2.276 -0.165
1248447057.245 17 2.147 -0.112
1248447057.245 16 2.011 -0.064
1248447057.482 18 2.279 -0.140
1248447057.483 17 2.156 -0.087
1248447057.483 16 2.009 -0.037
1248447057.724 18 2.261 -0.137
1248447057.724 17 2.136 -0.086
1248447057.724 16 1.993 -0.035
1248447057.963 18 2.246 -0.130
1248447057.964 17 2.115 -0.083
1248447057.964 16 1.978 -0.032
1248447058.204 18 2.226 -0.142
1248447058.205 17 2.104 -0.087
1248447058.205 16 1.956 -0.037
1248447058.443 18 2.228 -0.059
1248447058.443 17 2.094 -0.006
1248447058.443 16 1.942 0.045
1248447058.676 18 2.233 -0.060
1248447058.676 17 2.090 -0.006
1248447058.676 16 1.941 0.045
1248447058.914 18 2.210 -0.058
1248447058.914 17 2.076 -0.004
1248447058.914 16 1.920 0.048
1248447059.156 18 2.187 -0.058
1248447059.156 17 2.053 -0.004
1248447059.156 16 1.900 0.048
1248447059.397 18 2.181 -0.032
1248447059.397 17 2.035 0.029
1248447059.397 16 1.882 0.074
1248447059.635 18 2.163 0.048
1248447059.635 17 2.010 0.105
1248447059.635 16 1.852 0.152
1248447059.870 18 2.137 0.099
1248447059.870 17 1.986 0.154
1248447059.870 16 1.821 0.206
1248447060.103 18 2.124 0.105
1248447060.103 17 1.980 0.160
1248447060.103 16 1.811 0.213
1248447060.335 18 2.100 0.107
1248447060.336 17 1.956 0.162
1248447060.336 16 1.789 0.216
1248447060.570 16 1.770 0.219
1248447060.814 18 2.076 0.113
1248447060.815 17 1.926 0.169
1248447060.815 16 1.758 0.223
1248447061.279 18 2.015 0.201
1248447061.279 17 1.860 0.258
1248447061.280 16 1.686 0.312
1248447061.516 18 1.997 0.209
1248447061.516 17 1.858 0.252
1248447061.516 16 1.665 0.317
1248447061.759 18 1.976 0.204
1248447061.760 17 1.824 0.263
1248447061.760 16 1.650 0.318
1248447061.994 18 1.953 0.239
1248447061.995 17 1.791 0.296
1248447061.995 16 1.617 0.351
1248447062.235 18 1.925 0.285
1248447062.235 17 1.759 0.345
1248447062.235 16 1.583 0.401
1248447062.474 18 1.916 0.293
1248447062.475 17 1.743 0.352
1248447062.475 16 1.568 0.408
1248447062.715 18 1.884 0.297
1248447062.715 17 1.716 0.356
1248447062.715 16 1.543 0.414
1248447062.952 18 1.865 0.297
1248447062.953 17 1.693 0.359
1248447062.953 16 1.523 0.418
1248447063.255 17 1.641 0.429
1248447063.255 16 1.472 0.475
1248447063.951 18 1.728 0.431
1248447064.186 18 1.693 0.464
1248447064.425 18 1.689 0.467
1248447064.660 18 1.670 0.471
1248447064.896 18 1.662 0.472
1248447065.135 18 1.651 0.473
1248447065.373 18 1.641 0.475
1248447065.866 4 2.020 -0.508
1248447066.104 4 2.014 -0.501
1248447066.345 4 1.985 -0.498
1248447066.580 4 2.021 -0.440
1248447066.818 4 2.023 -0.412
1248447067.057 4 2.005 -0.403
1248447067.295 4 1.995 -0.400
1248447067.528 4 2.026 -0.337
1248447067.762 4 1.999 -0.301
1248447067.993 4 1.981 -0.297
1248447068.465 4 1.956 -0.283
1248447068.702 4 1.961 -0.275
1248447068.938 4 1.931 -0.272
1248447069.173 4 1.933 -0.204
1248447069.415 4 1.923 -0.175
1248447069.652 4 1.893 -0.161
1248447069.891 4 1.870 -0.157
1248447070.125 4 1.847 -0.150
1248447070.360 4 1.842 -0.068
1248447070.599 4 1.830 -0.053
1248447070.837 4 1.794 -0.046
1248447071.073 4 1.779 0.010
1248447071.313 4 1.751 0.048
1248447071.553 3 3.020 -0.338
1248447071.553 4 1.724 0.062
1248447071.795 3 2.997 -0.334
1248447071.795 4 1.694 0.074
1248447072.036 3 2.974 -0.335
1248447072.036 4 1.671 0.080
1248447072.268 3 2.917 -0.336
1248447072.269 4 1.642 0.091
1248447072.501 3 2.909 -0.335
1248447072.502 4 1.626 0.096
1248447072.743 3 2.870 -0.336
1248447072.743 4 1.599 0.103
1248447072.985 3 2.864 -0.334
1248447072.985 4 1.570 0.114
1248447073.332 4 1.548 0.121
1248447073.568 4 1.494 0.128
1248447074.032 4 1.449 0.145
1248447074.500 4 1.408 0.160
1248447074.756 4 1.406 0.168
1248447074.996 3 2.628 -0.347
1248447074.996 4 1.391 0.180
1248447075.236 4 1.371 0.188
1248447075.473 4 1.340 0.258
1248447075.711 4 1.325 0.269
1248447075.950 3 2.560 -0.256
1248447075.950 4 1.279 0.297
1248447076.190 4 1.256 0.308
1248447076.424 3 2.535 -0.242
1248447076.662 4 1.159 0.429
1248447076.900 4 1.150 0.431
1248447077.135 12 4.815 -0.543
1248447077.135 3 2.468 -0.171
1248447077.370 3 2.452 -0.097
1248447077.605 12 5.154 -0.382
1248447077.605 3 2.447 -0.017
1248447077.844 13 5.171 -0.319
1248447077.844 3 2.403 0.001
1248447078.079 3 2.371 0.004
1248447078.315 3 2.336 0.007
1248447078.549 3 2.299 0.012
1248447078.785 3 2.268 0.012
1248447079.022 3 2.251 0.012
1248447079.252 3 2.213 0.066
1248447079.726 3 2.167 0.101
1248447079.954 3 2.103 0.109
1248447080.180 13 5.282 -0.170
1248447080.180 3 2.077 0.169
1248447080.415 12 5.250 -0.218
1248447080.415 3 2.031 0.181
1248447080.649 12 5.250 -0.218
1248447080.649 3 1.995 0.187
1248447081.120 2 5.642 -0.353
1248447081.120 3 1.907 0.250
1248447081.818 11 5.452 -0.073
1248447081.818 3 1.785 0.315
1248447082.053 13 5.250 -0.024
1248447082.053 3 1.751 0.343
