1248444200.196 17 5.182 -0.001
1248444200.196 3 3.267 0.259
1248444200.666 3 3.196 0.313
1248444200.901 3 3.162 0.323
1248444201.370 16 5.116 0.096
1248444201.838 17 5.090 0.067
1248444202.067 3 3.065 0.359
1248444202.542 17 5.001 0.143
1248444203.479 17 4.677 0.415
1248444227.207 2 1.198 0.569
1248444227.439 2 1.199 0.560
1248444227.678 2 1.204 0.556
1248444227.911 2 1.209 0.541
1248444228.146 2 1.216 0.532
1248444228.379 2 1.223 0.519
1248444228.611 2 1.232 0.503
1248444228.844 2 1.236 0.494
1248444229.075 2 1.238 0.487
1248444229.307 2 1.246 0.474
1248444229.539 2 1.251 0.462
1248444229.777 2 1.257 0.449
1248444230.015 2 1.263 0.433
1248444230.253 2 1.266 0.426
1248444230.493 2 1.271 0.417
1248444230.732 2 1.278 0.402
1248444230.970 2 1.282 0.392
1248444231.209 2 1.287 0.381
1248444231.444 2 1.291 0.369
1248444231.679 2 1.294 0.358
1248444231.921 2 1.302 0.342
1248444232.224 2 1.303 0.334
1248444232.458 2 1.312 0.317
1248444232.692 2 1.313 0.311
1248444232.928 2 1.316 0.297
1248444233.170 2 1.321 0.284
1248444233.408 2 1.322 0.274
1248444233.645 2 1.331 0.258
1248444233.882 2 1.332 0.252
1248444234.119 2 1.330 0.241
1248444234.356 2 1.339 0.222
1248444234.594 2 1.342 0.208
1248444234.831 2 1.346 0.196
1248444235.068 2 1.347 0.186
1248444235.308 2 1.349 0.178
1248444235.541 2 1.353 0.158
1248444235.777 2 1.353 0.147
1248444236.517 2 1.361 -0.021
1248444236.749 2 1.345 -0.042
1248444240.725 20 5.289 0.244
1248444240.956 20 5.277 0.246
1248444241.204 19 5.376 0.202
1248444241.429 19 5.376 0.202
1248444244.308 15 3.768 -0.012
1248444244.533 15 3.768 -0.012
1248444246.334 19 5.182 0.179
1248444246.334 20 5.182 0.215
1248444247.942 17 4.084 -0.092
1248444247.942 16 4.202 -0.046
1248444247.942 19 5.077 0.300
1248444247.942 20 4.967 0.341
1248444248.173 17 4.142 -0.083
1248444248.174 16 4.202 -0.045
1248444248.174 19 5.001 0.303
1248444248.406 16 4.202 -0.039
1248444248.406 19 5.001 0.297
1248444248.643 16 4.202 -0.041
1248444248.643 19 5.001 0.301
1248444248.643 20 5.001 0.345
1248444248.884 19 5.001 0.301
1248444249.125 19 5.090 0.303
1248444249.822 19 5.001 0.300
1248444250.751 19 5.001 0.303
1248444251.012 20 4.916 0.341
1248444251.250 19 5.001 0.303
1248444251.935 19 4.916 0.312
1248444253.836 19 4.833 0.314
1248444254.521 16 3.973 -0.054
1248444254.521 19 4.833 0.305
1248444254.521 20 4.754 0.356
1248444254.978 16 3.973 -0.053
1248444254.978 19 4.833 0.311
1248444257.059 19 4.833 0.311
1248444257.060 14 2.832 0.519
1248444257.285 19 4.754 0.305
1248444257.285 20 4.715 0.353
1248444257.737 20 4.677 0.351
1248444257.964 14 2.887 0.493
1248444258.190 20 4.754 0.350
1248444258.416 19 4.785 0.306
1248444258.643 19 4.765 0.309
1248444258.643 20 4.754 0.352
1248444258.869 20 4.754 0.352
1248444258.869 14 2.887 0.493
1248444259.097 19 4.754 0.309
1248444259.325 20 4.754 0.351
1248444260.454 16 3.873 0.047
1248444261.127 19 4.327 0.531
1248444261.584 19 4.285 0.548
1248444261.812 19 4.279 0.552
1248444262.040 19 4.313 0.548
1248444262.268 19 4.275 0.552
1248444262.495 19 4.264 0.549
1248444262.726 16 3.817 0.177
1248444262.726 19 4.264 0.550
1248444262.956 19 4.253 0.549
1248444263.189 19 4.279 0.552
1248444263.417 19 4.239 0.550
1248444263.645 19 4.264 0.549
1248444263.873 19 4.237 0.550
1248444264.101 19 4.292 0.549
1248444264.329 19 4.275 0.549
1248444264.557 16 3.817 0.175
1248444264.557 19 4.270 0.549
1248444264.785 19 4.257 0.549
1248444265.013 19 4.276 0.549
1248444265.242 19 4.273 0.549
1248444265.469 19 4.264 0.549
1248444265.696 19 4.264 0.549
1248444265.922 16 3.768 0.239
1248444266.148 16 3.720 0.282
1248444266.603 16 3.628 0.383
1248444266.830 16 3.511 0.440
1248444267.059 16 3.499 0.446
1248444267.287 16 3.499 0.446
1248444267.748 17 3.499 0.403
1248444267.977 16 3.499 0.449
1248444268.208 16 3.472 0.449
1248444268.436 16 3.463 0.453
1248444268.663 16 3.503 0.433
1248444269.116 16 3.584 0.363
1248444269.345 16 3.584 0.339
1248444269.810 17 3.584 0.289
1248444269.810 16 3.628 0.339
1248444270.040 17 3.616 0.279
1248444270.040 16 3.628 0.326
1248444270.272 17 3.587 0.261
1248444270.272 16 3.628 0.314
1248444270.504 17 3.623 0.264
1248444270.505 16 3.623 0.314
1248444270.741 16 3.631 0.309
1248444270.974 16 3.611 0.311
1248444271.210 16 3.599 0.311
1248444271.463 16 3.603 0.311
1248444271.694 16 3.620 0.311
1248444271.931 17 3.584 0.243
1248444271.932 16 3.628 0.292
1248444272.165 17 3.628 0.185
1248444272.165 16 3.674 0.230
1248444272.397 19 4.142 0.572
1248444272.630 19 4.157 0.569
1248444272.864 19 4.142 0.563
1248444273.107 17 3.638 0.142
1248444273.107 16 3.674 0.189
1248444273.108 19 4.142 0.563
1248444273.342 17 3.639 0.142
1248444273.343 16 3.679 0.190
1248444273.343 19 4.142 0.563
1248444273.571 17 3.647 0.145
1248444273.572 16 3.679 0.190
1248444273.572 19 4.142 0.565
1248444273.810 18 3.584 0.110
1248444273.810 17 3.663 0.145
1248444273.810 16 3.685 0.191
1248444273.810 19 4.142 0.566
1248444274.040 17 3.628 0.144
1248444274.041 16 3.674 0.197
1248444274.270 17 3.631 0.139
1248444274.270 16 3.679 0.193
1248444274.270 19 4.113 0.567
1248444274.498 16 3.674 0.189
1248444274.498 19 4.142 0.565
1248444274.727 17 3.590 0.144
1248444274.728 16 3.674 0.196
1248444274.728 19 4.084 0.570
1248444274.967 17 3.613 0.146
1248444274.967 16 3.661 0.195
1248444274.968 19 4.084 0.570
1248444275.453 17 3.584 0.145
1248444275.453 16 3.637 0.193
1248444275.453 19 4.084 0.572
1248444275.692 17 3.628 0.144
1248444275.692 16 3.649 0.192
1248444275.693 19 4.084 0.568
1248444275.934 17 3.589 0.143
1248444275.934 16 3.631 0.192
1248444276.176 17 3.590 0.145
1248444276.177 16 3.633 0.191
1248444276.420 19 4.084 0.568
1248444276.659 17 3.606 0.143
1248444276.659 16 3.637 0.191
1248444276.659 19 4.084 0.568
1248444277.607 17 3.572 0.148
1248444277.607 16 3.591 0.196
1248444278.074 17 3.541 0.147
1248444278.074 16 3.584 0.209
1248444278.534 17 3.511 0.143
1248444278.534 16 3.545 0.196
1248444278.767 17 3.490 0.144
1248444278.767 16 3.541 0.196
1248444279.005 17 3.476 0.146
1248444279.006 16 3.509 0.198
1248444279.744 17 3.458 0.138
1248444279.744 16 3.499 0.195
1248444280.696 16 3.458 0.072
1248444281.850 19 4.393 0.223
1248444282.073 19 4.393 0.173
1248444282.797 20 4.393 0.076
1248444283.254 20 4.393 -0.039
1248444288.731 1 3.267 0.296
1248444288.960 1 3.303 0.267
1248444289.646 1 3.379 0.187
1248444290.105 1 3.418 0.122
1248444290.335 1 3.418 0.062
1248444290.564 1 3.458 0.044
1248444290.793 1 3.458 0.020
1248444291.023 1 3.490 0.005
1248444291.250 1 3.499 -0.013
1248444291.479 1 3.458 -0.012
1248444291.707 1 3.458 -0.005
1248444291.930 1 3.458 0.021
1248444292.153 1 3.499 0.001
1248444292.378 1 3.499 -0.001
1248444292.608 1 3.536 -0.005
1248444292.840 1 3.541 -0.010
1248444293.071 1 3.513 -0.013
1248444293.306 1 3.541 -0.015
1248444293.767 1 3.584 0.020
1248444293.998 1 3.541 0.034
1248444294.230 1 3.553 0.058
1248444294.460 1 3.541 0.079
1248444294.920 1 3.552 0.113
1248444295.153 1 3.541 0.144
1248444295.385 1 3.565 0.155
1248444295.618 1 3.541 0.172
1248444295.852 1 3.541 0.186
1248444296.084 1 3.568 0.192
1248444296.316 1 3.520 0.206
1248444296.549 1 3.584 0.210
1248444296.782 1 3.550 0.209
1248444297.011 1 3.541 0.208
1248444297.239 1 3.541 0.228
1248444297.463 1 3.584 0.224
1248444297.698 1 3.499 0.231
1248444297.933 1 3.541 0.222
1248444298.163 1 3.541 0.226
1248444298.857 1 3.499 0.279
1248444301.400 1 3.438 0.252
1248444303.697 1 3.340 0.223
1248444304.395 1 3.340 0.214
1248444304.861 1 3.303 0.215
1248444305.558 1 3.245 0.210
1248444306.009 1 3.231 0.200
1248444306.703 1 3.231 0.197
1248444307.163 1 3.231 0.184
1248444307.394 1 3.231 0.187
1248444307.628 1 3.231 0.179
1248444309.265 1 3.162 0.150
1248444310.201 1 3.129 0.138
1248444310.434 1 3.115 0.139
1248444311.355 1 3.033 0.139
1248444312.049 1 2.999 0.129
1248444312.513 1 2.973 0.119
1248444313.211 1 2.934 0.102
1248444313.679 1 2.887 0.098
1248444314.177 1 2.884 0.091
1248444314.657 1 2.859 0.085
1248444315.165 1 2.859 0.076
1248444315.404 1 2.832 0.072
1248444315.643 1 2.859 0.071
1248444334.962 8 6.782 0.037
1248444336.202 8 6.782 -0.042
1248444336.708 8 6.624 -0.038
1248444337.678 7 6.473 -0.073
1248444337.678 8 6.473 -0.047
1248444339.835 10 6.191 0.237
1248444340.084 10 6.329 0.236
1248444340.837 5 1.194 0.338
1248444341.315 8 6.473 -0.088
1248444341.551 8 6.473 -0.068
1248444341.791 5 1.232 0.376
1248444342.032 3 6.948 0.286
1248444342.032 5 1.246 0.372
1248444342.752 7 6.473 -0.083
1248444342.752 8 6.473 -0.053
1248444342.752 5 1.302 0.371
1248444342.992 7 6.473 -0.081
1248444342.993 8 6.473 -0.058
1248444342.993 5 1.324 0.371
1248444343.234 5 1.334 0.366
1248444343.473 5 1.356 0.363
1248444343.713 8 6.473 -0.053
1248444343.713 5 1.369 0.363
1248444343.713 13 4.202 0.446
1248444343.962 8 6.473 -0.053
1248444343.962 5 1.384 0.359
1248444343.962 13 4.142 0.447
1248444344.200 8 6.329 -0.056
1248444344.200 5 1.403 0.359
1248444344.200 13 4.142 0.446
1248444344.441 8 6.624 -0.053
1248444344.441 5 1.416 0.358
1248444344.442 13 4.152 0.449
1248444344.680 8 6.624 -0.051
1248444344.681 5 1.438 0.355
1248444344.681 13 4.152 0.448
1248444344.918 5 1.451 0.351
1248444344.918 13 4.172 0.447
1248444345.158 5 1.460 0.351
1248444345.159 13 4.142 0.447
1248444345.397 8 6.329 -0.053
1248444345.397 5 1.477 0.352
1248444345.634 8 6.523 -0.053
1248444345.634 5 1.493 0.350
1248444345.873 8 6.548 -0.052
1248444345.874 5 1.511 0.351
1248444346.112 8 6.473 -0.051
1248444346.112 5 1.534 0.348
1248444346.814 7 6.329 -0.072
1248444346.814 8 6.329 -0.045
1248444347.053 13 4.142 0.451
1248444348.951 5 1.510 0.393
1248444350.370 5 1.503 0.398
1248444350.842 9 6.060 0.260
1248444350.842 10 5.933 0.283
1248444350.842 5 1.510 0.393
1248444350.842 13 3.919 0.460
1248444351.332 5 1.519 0.388
1248444351.580 5 1.517 0.393
1248444351.823 10 5.813 0.286
1248444351.823 5 1.515 0.401
1248444352.526 5 1.520 0.401
1248444352.762 13 3.768 0.474
1248444352.997 13 3.736 0.470
1248444353.234 5 1.507 0.420
1248444353.467 13 3.720 0.459
1248444353.700 13 3.720 0.464
1248444353.933 5 1.517 0.421
1248444354.164 5 1.514 0.421
1248444354.631 2 3.768 0.388
1248444354.631 13 3.674 0.474
1248444355.565 10 5.585 0.275
1248444355.565 13 3.628 0.478
1248444355.798 5 1.510 0.442
1248444356.497 5 1.522 0.435
1248444357.199 5 1.517 0.449
1248444357.433 5 1.526 0.429
1248444357.667 5 1.531 0.422
1248444358.135 5 1.532 0.429
1248444358.368 5 1.534 0.439
1248444358.602 10 5.410 0.252
1248444358.602 5 1.530 0.439
1248444358.835 5 1.526 0.443
1248444359.068 5 1.531 0.448
1248444359.533 5 1.526 0.449
1248444359.766 5 1.524 0.446
1248444360.697 9 5.479 0.202
1248444360.697 5 1.531 0.454
1248444361.850 5 1.531 0.473
1248444362.753 5 1.573 0.450
1248444362.980 5 1.592 0.448
1248444363.210 5 1.608 0.446
1248444363.438 5 1.620 0.445
1248444363.665 5 1.642 0.442
1248444363.892 5 1.654 0.441
1248444364.118 5 1.664 0.440
1248444364.346 10 5.182 0.232
1248444364.346 5 1.679 0.438
1248444364.572 5 1.697 0.436
1248444364.799 5 1.716 0.435
1248444365.026 10 5.182 0.232
1248444365.026 5 1.730 0.434
1248444365.253 5 1.742 0.433
1248444365.486 9 5.376 0.191
1248444365.486 10 5.182 0.232
1248444365.486 5 1.766 0.431
1248444365.721 5 1.780 0.430
1248444365.963 9 5.376 0.191
1248444365.963 10 5.182 0.232
1248444365.963 5 1.791 0.430
1248444366.212 9 5.376 0.191
1248444366.212 10 5.182 0.232
1248444366.212 5 1.815 0.428
1248444366.452 9 5.376 0.191
1248444366.452 10 5.182 0.232
1248444366.452 5 1.829 0.427
1248444366.691 9 5.376 0.191
1248444366.691 10 5.182 0.232
1248444366.691 5 1.848 0.426
1248444366.944 9 5.376 0.191
1248444366.944 5 1.863 0.424
1248444367.174 5 1.881 0.423
1248444367.403 5 1.891 0.422
1248444367.633 5 1.899 0.425
1248444367.890 9 5.376 0.192
1248444367.890 10 5.182 0.232
1248444367.890 5 1.916 0.426
1248444368.160 5 1.924 0.427
1248444368.671 5 1.919 0.444
1248444369.369 5 1.915 0.468
1248444369.619 10 5.182 0.231
1248444369.620 5 1.930 0.461
1248444370.121 12 3.196 0.392
1248444370.121 5 1.900 0.479
1248444370.590 9 5.182 0.188
1248444370.590 12 3.200 0.376
1248444370.590 5 1.903 0.485
1248444370.840 12 3.172 0.384
1248444370.840 5 1.887 0.497
1248444371.069 12 3.168 0.388
1248444371.069 5 1.876 0.506
1248444372.237 10 5.090 0.224
1248444372.237 5 1.859 0.548
1248444372.464 9 5.182 0.192
1248444372.464 10 5.001 0.225
1248444372.464 12 3.129 0.387
1248444372.464 13 3.040 0.478
1248444372.464 5 1.850 0.551
1248444372.716 9 5.090 0.199
1248444372.716 10 5.001 0.224
1248444372.716 12 3.090 0.396
1248444372.716 13 2.997 0.484
1248444372.717 5 1.829 0.565
1248444372.967 5 1.826 0.566
1248444373.303 9 5.182 0.177
1248444373.303 5 1.819 0.571
1248444373.548 12 3.042 0.384
1248444373.548 13 2.978 0.475
1248444374.272 12 3.033 0.371
1248444374.976 10 4.916 0.207
1248444374.976 13 2.885 0.486
1248444375.212 12 2.946 0.377
1248444375.212 13 2.881 0.469
1248444375.920 9 4.916 0.163
1248444376.156 9 4.916 0.164
1248444376.156 10 4.754 0.202
1248444376.156 12 2.878 0.384
1248444376.156 13 2.826 0.469
1248444376.410 12 2.866 0.377
1248444376.410 13 2.817 0.476
1248444376.675 9 4.842 0.157
1248444376.675 10 4.754 0.195
1248444376.675 12 2.845 0.380
1248444376.676 13 2.793 0.478
1248444376.916 12 2.832 0.403
1248444377.147 12 2.822 0.381
1248444377.147 13 2.766 0.475
1248444377.409 12 2.810 0.375
1248444377.409 13 2.730 0.486
1248444377.912 9 4.773 0.147
1248444377.912 10 4.677 0.184
1248444377.912 12 2.766 0.381
1248444377.912 13 2.717 0.480
1248444378.164 9 4.793 0.151
1248444378.164 12 2.745 0.395
1248444378.165 13 2.681 0.500
1248444378.425 12 2.720 0.386
1248444378.425 13 2.681 0.489
1248444378.670 13 2.657 0.495
1248444378.899 12 2.712 0.374
1248444378.899 13 2.652 0.476
1248444379.624 12 2.698 0.373
1248444379.624 13 2.638 0.478
1248444379.873 12 2.684 0.377
1248444379.873 13 2.618 0.482
1248444380.609 10 4.530 0.164
1248444381.101 12 2.598 0.363
1248444381.345 12 2.580 0.369
1248444381.345 13 2.546 0.474
1248444382.062 12 2.530 0.376
1248444382.062 13 2.481 0.485
1248444382.753 10 4.393 0.139
1248444382.984 12 2.476 0.365
1248444382.984 13 2.434 0.475
1248444383.452 10 4.332 0.129
1248444383.452 13 2.413 0.475
1248444383.683 12 2.434 0.361
1248444383.683 13 2.401 0.471
1248444383.914 13 2.386 0.495
1248444384.144 12 2.409 0.367
1248444384.144 13 2.368 0.481
1248444384.375 9 4.333 0.093
1248444384.375 13 2.347 0.486
1248444384.607 12 2.361 0.376
1248444384.607 13 2.327 0.490
1248444384.837 12 2.350 0.388
1248444384.837 13 2.314 0.500
1248444385.070 12 2.353 0.365
1248444385.531 12 2.296 0.383
1248444385.531 13 2.264 0.503
1248444385.764 13 2.263 0.487
1248444386.226 10 4.172 0.098
1248444386.458 12 2.257 0.362
1248444386.458 13 2.227 0.484
1248444386.688 9 4.202 0.053
1248444386.922 10 4.084 0.096
1248444386.922 13 2.211 0.472
1248444387.383 13 2.156 0.495
1248444387.845 12 2.168 0.348
1248444388.077 12 2.153 0.362
1248444388.309 13 2.115 0.501
1248444388.540 12 2.122 0.368
1248444388.540 13 2.097 0.493
1248444388.772 12 2.094 0.384
1248444389.003 13 2.065 0.487
1248444389.237 12 2.078 0.357
1248444389.237 13 2.063 0.485
1248444389.701 10 3.919 0.049
1248444389.932 10 3.919 0.050
1248444390.394 10 3.868 0.047
1248444390.627 9 3.950 0.009
1248444390.627 13 1.990 0.490
1248444390.859 13 1.961 0.500
1248444391.322 13 1.951 0.500
1248444391.555 13 1.936 0.505
1248444391.789 13 1.913 0.510
1248444392.022 12 1.918 0.374
1248444392.022 13 1.911 0.502
1248444392.487 12 1.903 0.374
1248444392.487 13 1.895 0.508
1248444392.942 12 1.889 0.379
1248444392.942 13 1.875 0.520
1248444393.177 9 3.798 0.011
1248444393.177 10 3.762 0.058
1248444393.177 12 1.873 0.384
1248444393.177 13 1.872 0.523
1248444393.415 9 3.851 0.005
1248444393.415 10 3.768 0.058
1248444393.416 12 1.869 0.384
1248444393.416 13 1.864 0.522
1248444393.654 9 3.768 0.008
1248444393.654 10 3.720 0.061
1248444393.654 12 1.861 0.390
1248444393.654 13 1.846 0.528
1248444393.894 12 1.870 0.383
1248444393.894 13 1.868 0.509
1248444394.139 12 1.851 0.376
1248444394.139 13 1.852 0.514
1248444394.380 9 3.791 0.010
1248444394.380 10 3.711 0.058
1248444394.380 12 1.844 0.387
1248444394.380 13 1.845 0.532
1248444394.617 12 1.825 0.395
1248444394.617 13 1.816 0.536
1248444395.089 9 3.756 -0.016
1248444395.090 10 3.674 0.034
1248444395.090 12 1.817 0.372
1248444395.090 13 1.820 0.504
1248444395.572 9 3.720 -0.032
1248444395.573 10 3.662 0.026
1248444395.830 9 3.768 -0.024
1248444395.830 10 3.689 0.018
1248444395.830 12 1.814 0.368
1248444395.830 13 1.823 0.500
1248444396.071 12 1.815 0.366
1248444396.071 13 1.814 0.508
1248444396.339 12 1.813 0.368
1248444396.339 13 1.816 0.500
1248444396.644 12 1.808 0.368
1248444396.644 13 1.811 0.510
1248444396.887 10 3.674 -0.003
1248444397.126 9 3.720 -0.070
1248444397.126 12 1.799 0.332
1248444397.126 13 1.801 0.484
1248444397.595 12 1.837 0.205
1248444397.595 13 1.870 0.356
1248444397.835 12 1.841 0.121
1248444397.835 13 1.905 0.268
1248444398.321 13 1.927 0.215
1248444398.566 13 1.877 0.245
1248444398.811 13 1.875 0.227
1248444399.058 12 1.772 0.092
1248444399.058 13 1.844 0.247
1248444399.562 12 1.733 0.060
1248444399.563 13 1.819 0.213
1248444399.808 11 1.963 0.053
1248444399.808 13 1.821 0.168
1248444400.054 13 1.819 0.142
1248444400.299 13 1.788 0.141
1248444400.544 13 1.775 0.166
1248444400.811 12 1.654 -0.024
1248444400.811 11 1.895 0.018
1248444400.811 13 1.754 0.139
1248444401.052 12 1.638 -0.043
1248444401.052 11 1.878 -0.012
1248444401.053 13 1.744 0.113
1248444401.533 11 1.859 -0.024
1248444401.533 13 1.726 0.096
1248444402.016 12 1.561 -0.079
1248444402.016 11 1.803 -0.049
1248444402.016 13 1.676 0.077
1248444402.257 12 1.557 -0.073
1248444402.257 11 1.793 -0.049
1248444402.257 13 1.664 0.077
1248444402.497 12 1.533 -0.079
1248444402.497 11 1.767 -0.054
1248444402.497 13 1.645 0.077
1248444402.774 13 1.629 0.067
1248444403.022 13 1.603 0.085
1248444403.345 13 1.592 0.082
1248444403.576 13 1.580 0.076
1248444404.072 11 1.657 -0.078
1248444404.072 13 1.539 0.062
1248444404.321 13 1.510 0.051
1248444404.569 13 1.512 -0.004
1248444404.817 13 1.503 -0.092
1248444435.559 3 2.681 -0.032
1248444436.024 3 2.625 -0.003
1248444436.256 3 2.589 -0.004
1248444436.721 3 2.525 -0.010
1248444436.721 14 3.817 0.008
1248444437.891 14 3.720 0.005
1248444438.359 14 3.674 0.000
1248444438.590 14 3.674 -0.005
1248444438.822 14 3.674 -0.008
1248444516.867 19 1.583 0.203
1248444517.343 20 1.364 0.359
1248444517.572 20 1.364 0.361
1248444517.804 20 1.345 0.365
1248444518.043 20 1.325 0.375
1248444518.282 19 1.485 0.314
1248444518.752 20 1.278 0.401
1248444518.985 20 1.263 0.412
1248444519.216 19 1.439 0.324
1248444519.446 19 1.421 0.326
1248444519.677 20 1.233 0.414
1248444519.917 19 1.406 0.326
1248444519.918 20 1.229 0.405
1248444520.158 19 1.365 0.349
1248444520.158 20 1.197 0.421
1248444520.861 19 1.337 0.353
1248444520.861 20 1.178 0.425
1248444521.557 19 1.310 0.367
1248444521.790 19 1.321 0.349
1248444522.027 19 1.289 0.374
1248444522.550 19 1.277 0.370
1248444522.821 19 1.288 0.366
1248444523.063 19 1.274 0.374
1248444523.543 19 1.212 0.431
1248444524.041 16 2.463 -0.245
1248444524.283 16 2.471 -0.178
1248444524.523 18 2.780 -0.202
1248444524.523 16 2.473 -0.133
1248444524.792 16 2.496 -0.066
1248444525.065 16 2.474 -0.010
1248444525.318 18 2.775 -0.030
1248444525.319 17 2.614 0.007
1248444525.319 16 2.449 0.047
1248444525.559 18 2.737 0.008
1248444525.559 17 2.576 0.045
1248444525.559 16 2.425 0.087
1248444525.792 18 2.731 0.013
1248444525.793 17 2.570 0.049
1248444525.793 16 2.407 0.090
1248444526.033 18 2.712 0.017
1248444526.034 17 2.550 0.053
1248444526.034 16 2.397 0.093
1248444526.273 18 2.705 0.014
1248444526.273 17 2.549 0.053
1248444526.273 16 2.381 0.094
1248444526.513 18 2.707 0.010
1248444526.513 17 2.540 0.047
1248444526.513 16 2.386 0.089
1248444526.752 18 2.681 0.020
1248444526.752 17 2.515 0.053
1248444526.752 16 2.355 0.095
1248444526.991 18 2.668 0.015
1248444526.991 17 2.516 0.054
1248444526.991 16 2.349 0.096
1248444527.233 18 2.654 0.018
1248444527.233 17 2.492 0.057
1248444527.233 16 2.325 0.100
1248444527.472 18 2.637 0.032
1248444527.472 16 2.312 0.111
1248444527.711 17 2.493 0.051
1248444527.711 16 2.323 0.096
1248444527.947 18 2.614 0.034
1248444527.947 17 2.450 0.065
1248444527.947 16 2.287 0.111
1248444528.418 18 2.583 0.022
1248444528.418 17 2.426 0.063
1248444528.418 16 2.256 0.108
1248444528.655 18 2.568 0.019
1248444528.655 17 2.419 0.058
1248444528.655 16 2.251 0.103
1248444528.895 18 2.552 0.020
1248444528.895 17 2.394 0.059
1248444528.895 16 2.236 0.104
1248444529.134 18 2.546 0.005
1248444529.134 17 2.389 0.060
1248444529.134 16 2.222 0.106
1248444529.373 18 2.533 0.016
1248444529.374 17 2.372 0.058
1248444529.374 16 2.207 0.102
1248444529.611 17 2.356 0.057
1248444529.611 16 2.195 0.101
1248444529.853 18 2.500 0.018
1248444529.853 17 2.344 0.059
1248444529.853 16 2.178 0.105
1248444530.087 18 2.493 0.014
1248444530.087 17 2.337 0.058
1248444530.087 16 2.174 0.103
1248444530.317 16 2.164 0.103
1248444530.546 16 2.146 0.109
1248444530.780 16 2.138 0.111
1248444531.017 16 2.124 0.119
1248444531.254 16 2.127 0.114
1248444531.489 16 2.101 0.117
1248444531.724 17 2.262 0.070
1248444531.724 16 2.098 0.117
1248444531.958 16 2.089 0.119
1248444532.195 16 2.075 0.117
1248444532.428 16 2.064 0.118
1248444532.658 17 2.218 0.069
1248444532.658 16 2.048 0.118
1248444532.893 16 2.040 0.119
1248444533.135 18 2.346 0.026
1248444533.135 17 2.192 0.071
1248444533.135 16 2.031 0.121
1248444533.377 18 2.339 0.027
1248444533.378 17 2.189 0.072
1248444533.378 16 2.020 0.122
1248444533.621 18 2.334 0.028
1248444533.621 17 2.179 0.073
1248444533.621 16 2.016 0.122
1248444533.862 18 2.320 0.026
1248444533.862 17 2.161 0.072
1248444533.862 16 2.005 0.122
1248444534.105 18 2.305 0.026
1248444534.105 17 2.152 0.070
1248444534.105 16 1.984 0.120
1248444534.342 18 2.298 0.029
1248444534.342 17 2.144 0.071
1248444534.342 16 1.977 0.121
1248444534.578 18 2.289 0.021
1248444534.578 17 2.131 0.068
1248444534.578 16 1.970 0.118
1248444534.818 18 2.284 0.022
1248444534.818 17 2.129 0.066
1248444534.818 16 1.967 0.118
1248444535.058 18 2.271 0.024
1248444535.058 17 2.117 0.068
1248444535.059 16 1.956 0.120
1248444535.294 18 2.260 0.026
1248444535.294 17 2.104 0.074
1248444535.294 16 1.937 0.126
1248444535.535 18 2.248 0.027
1248444535.535 17 2.092 0.075
1248444535.535 16 1.933 0.126
1248444535.784 16 1.917 0.128
1248444536.045 18 2.229 0.032
1248444536.045 17 2.074 0.079
1248444536.045 16 1.911 0.131
1248444536.284 18 2.235 0.015
1248444536.284 17 2.070 0.081
1248444536.284 16 1.907 0.131
1248444536.522 18 2.210 0.026
1248444536.522 17 2.059 0.074
1248444536.523 16 1.894 0.126
1248444536.763 18 2.196 0.032
1248444536.763 17 2.044 0.077
1248444536.763 16 1.885 0.130
1248444537.003 18 2.192 0.036
1248444537.004 17 2.037 0.083
1248444537.004 16 1.872 0.137
1248444537.243 18 2.185 0.029
1248444537.243 17 2.029 0.077
1248444537.243 16 1.864 0.132
1248444537.482 18 2.168 0.028
1248444537.483 17 2.017 0.077
1248444537.483 16 1.854 0.131
1248444537.724 18 2.161 0.030
1248444537.724 17 2.009 0.081
1248444537.724 16 1.844 0.135
1248444537.962 18 2.151 0.034
1248444537.962 17 2.000 0.083
1248444537.962 16 1.835 0.138
1248444538.199 18 2.155 0.026
1248444538.199 17 2.001 0.077
1248444538.199 16 1.836 0.130
1248444538.894 18 2.099 0.034
1248444538.894 17 1.946 0.080
1248444538.894 16 1.786 0.136
1248444539.133 17 1.958 0.082
1248444539.133 16 1.783 0.139
1248444539.372 17 1.939 0.074
1248444539.372 16 1.770 0.139
1248444539.606 18 2.082 0.032
1248444539.606 17 1.927 0.084
1248444539.606 16 1.762 0.141
1248444539.840 18 2.053 0.104
1248444539.840 16 1.722 0.214
1248444540.315 18 2.014 0.205
1248444540.315 17 1.848 0.258
1248444540.315 16 1.675 0.315
1248444540.552 18 1.999 0.215
1248444540.552 17 1.830 0.270
1248444540.552 16 1.652 0.330
1248444540.791 18 1.993 0.207
1248444540.791 17 1.823 0.270
1248444540.791 16 1.646 0.324
1248444541.036 18 1.963 0.218
1248444541.036 17 1.793 0.273
1248444541.036 16 1.622 0.336
1248444541.270 18 1.944 0.221
1248444541.270 17 1.780 0.274
1248444541.271 16 1.609 0.332
1248444541.500 18 1.954 0.214
1248444541.500 17 1.782 0.274
1248444541.500 16 1.607 0.333
1248444541.751 18 1.920 0.222
1248444541.751 17 1.754 0.279
1248444541.751 16 1.584 0.341
1248444541.983 18 1.871 0.312
1248444541.983 17 1.690 0.378
1248444541.983 16 1.520 0.431
1248444542.223 18 1.838 0.379
1248444542.223 17 1.663 0.439
1248444542.223 16 1.479 0.501
1248444542.461 18 1.817 0.400
1248444542.462 17 1.637 0.461
1248444542.462 16 1.462 0.524
1248444542.703 18 1.830 0.384
1248444542.703 17 1.646 0.454
1248444542.703 16 1.479 0.503
1248444542.944 16 1.435 0.530
1248444543.421 16 1.406 0.537
1248444543.656 16 1.393 0.544
1248444543.893 17 1.601 0.467
1248444543.893 16 1.426 0.520
1248444544.129 16 1.368 0.547
1248444544.365 16 1.343 0.557
1248444544.596 17 1.482 0.546
1248444545.067 17 1.470 0.571
1248444545.304 18 1.639 0.505
1248444545.535 18 1.579 0.536
1248444545.766 18 1.557 0.542
1248444546.000 18 1.542 0.557
1248444592.723 13 5.126 0.111
1248444592.723 3 3.830 0.168
1248444593.206 5 4.327 -0.165
1248444593.206 3 3.768 0.190
1248444593.456 12 5.277 0.088
1248444593.456 11 5.277 0.113
1248444593.456 13 5.182 0.128
1248444593.696 12 5.182 0.078
1248444593.696 11 5.277 0.110
1248444593.696 13 5.001 0.135
1248444593.696 3 3.756 0.189
1248444593.960 11 5.376 0.106
1248444593.960 13 5.090 0.130
1248444594.208 12 5.135 0.163
1248444594.208 3 3.655 0.266
1248444594.701 12 5.045 0.165
1248444594.701 3 3.584 0.272
1248444595.192 12 5.090 0.165
1248444595.192 3 3.537 0.272
1248444595.436 13 4.833 0.289
1248444595.933 13 4.765 0.311
1248444596.184 5 4.142 -0.001
1248444596.185 2 3.473 0.091
1248444596.185 12 4.916 0.257
1248444596.185 13 4.754 0.312
1248444596.185 3 3.357 0.364
1248444596.676 11 4.833 0.379
1248444596.676 3 3.196 0.456
1248444596.911 12 4.754 0.357
1248444596.911 3 3.167 0.462
1248444597.147 13 4.602 0.404
1248444597.382 2 3.271 0.175
1248444597.382 3 3.129 0.465
1248444597.851 2 3.196 0.237
1248444597.851 11 4.677 0.464
1248444598.089 8 7.123 0.121
1248444598.089 3 2.944 0.548
1248444598.324 2 3.162 0.246
1248444598.556 3 2.915 0.564
1248444598.790 2 3.033 0.286
1248444599.024 5 3.919 0.275
1248444599.024 13 4.142 0.545
1248444599.259 2 2.980 0.306
1248444599.259 13 4.142 0.571
1248444599.493 12 4.264 0.548
1248444599.726 2 2.887 0.345
1248444599.726 12 4.162 0.565
1248444599.960 2 2.884 0.348
1248444600.195 2 2.815 0.361
1248444600.431 2 2.762 0.380
1248444600.664 2 2.740 0.383
1248444600.924 2 2.705 0.385
1248444600.924 5 3.674 0.435
1248444602.173 2 2.592 0.359
1248444602.562 5 3.584 0.448
1248444602.849 2 2.504 0.349
1248444603.572 2 2.424 0.320
1248444603.807 2 2.386 0.319
1248444603.807 10 5.585 0.572
1248444604.044 8 6.624 0.251
1248444604.044 2 2.368 0.325
1248444604.045 9 5.697 0.563
1248444604.282 2 2.332 0.324
1248444604.282 9 5.585 0.570
1248444604.527 9 5.697 0.565
1248444604.761 2 2.285 0.305
1248444604.996 9 5.585 0.562
1248444605.227 2 2.242 0.295
1248444605.461 2 2.218 0.290
1248444605.694 2 2.185 0.288
1248444605.928 2 2.159 0.285
1248444605.928 9 5.585 0.559
1248444606.162 10 5.479 0.572
1248444606.866 10 5.479 0.567
1248444607.100 9 5.585 0.554
1248444607.816 2 1.989 0.228
1248444607.816 10 5.479 0.553
1248444608.054 10 5.376 0.553
1248444608.287 9 5.585 0.531
1248444608.287 10 5.376 0.555
1248444608.522 9 5.585 0.527
1248444608.522 10 5.376 0.552
1248444608.762 10 5.376 0.557
1248444608.994 12 3.817 0.510
1248444609.455 3 1.927 0.571
1248444609.685 12 4.142 0.234
1248444609.913 3 2.053 0.376
1248444610.142 3 2.080 0.297
1248444610.387 12 4.202 -0.043
1248444610.634 3 2.084 0.121
1248444610.879 3 2.079 0.064
1248444611.368 3 2.013 -0.061
1248444611.877 3 1.951 -0.174
1248444660.119 12 2.386 -0.049
1248444660.119 13 2.221 0.063
1248444660.823 13 2.202 0.113
1248444661.049 13 2.195 0.114
1248444661.277 13 2.190 0.119
1248444661.733 13 2.170 0.109
1248444661.969 13 2.176 0.112
1248444662.207 12 2.332 0.003
1248444662.207 13 2.175 0.109
1248444662.207 10 4.142 0.154
1248444662.656 12 2.315 0.033
1248444662.656 11 2.424 0.122
1248444662.656 13 2.154 0.150
1248444662.884 13 2.141 0.172
1248444663.835 13 2.087 0.239
1248444664.065 13 2.083 0.237
1248444664.292 11 2.348 0.208
1248444664.292 13 2.078 0.239
1248444664.519 13 2.082 0.239
1248444664.749 12 2.246 0.146
1248444664.749 13 2.060 0.273
1248444665.214 13 2.011 0.327
1248444665.438 13 2.026 0.259
1248444665.662 13 2.053 0.179
1248444665.886 13 2.060 0.095
1248444706.874 17 4.530 0.350
1248444706.874 16 4.460 0.384
1248444707.109 17 4.438 0.356
1248444707.109 16 4.393 0.397
1248444707.346 17 4.415 0.364
1248444707.347 16 4.426 0.391
1248444707.577 18 4.393 0.322
1248444707.577 17 4.495 0.347
1248444707.577 16 4.460 0.389
1248444708.268 18 4.530 0.172
1248444708.268 17 4.614 0.207
1248444708.268 16 4.677 0.252
1248444708.269 19 5.001 0.555
1248444708.504 17 4.622 0.208
1248444708.504 16 4.677 0.251
1248444708.504 19 5.019 0.553
1248444708.735 18 4.530 0.175
1248444708.735 17 4.602 0.210
1248444708.735 16 4.677 0.248
1248444708.735 19 5.001 0.552
1248444708.966 17 4.607 0.207
1248444708.967 16 4.677 0.249
1248444708.967 19 5.001 0.552
1248444709.426 17 4.617 0.149
1248444709.426 16 4.677 0.187
1248444709.426 19 5.182 0.495
1248444709.426 20 5.090 0.526
1248444709.881 17 4.677 0.076
1248444709.881 16 4.754 0.113
1248444710.576 19 5.585 0.275
1248444710.576 14 3.683 0.420
1248444710.808 19 5.585 0.277
1248444710.808 20 5.479 0.312
1248444711.042 19 5.561 0.277
1248444711.042 15 3.768 0.451
1248444711.271 19 5.585 0.271
1248444711.506 19 5.576 0.275
1248444711.506 15 3.768 0.448
1248444711.965 20 5.479 0.309
1248444712.432 17 4.602 -0.076
1248444712.432 20 5.479 0.306
1248444712.669 17 4.602 -0.084
1248444712.670 16 4.677 -0.043
1248444712.670 19 5.549 0.270
1248444712.670 20 5.479 0.297
1248444712.670 14 3.635 0.417
1248444712.670 15 3.720 0.443
1248444712.906 19 5.585 0.262
1248444712.906 14 3.628 0.416
1248444713.164 17 4.602 -0.086
1248444713.164 19 5.489 0.266
1248444713.164 20 5.479 0.301
1248444713.392 16 4.677 -0.044
1248444713.620 17 4.530 -0.089
1248444713.620 16 4.677 -0.043
1248444713.620 19 5.479 0.269
1248444713.620 20 5.479 0.302
1248444713.621 14 3.584 0.418
1248444713.854 16 4.602 -0.051
1248444713.854 19 5.376 0.268
1248444713.854 20 5.376 0.302
1248444714.315 17 4.530 -0.077
1248444714.315 19 5.479 0.274
1248444714.776 19 5.468 0.273
1248444714.776 20 5.376 0.309
1248444715.240 19 5.376 0.273
1248444715.469 19 5.376 0.275
1248444715.698 19 5.376 0.277
1248444715.935 19 5.353 0.279
1248444715.935 20 5.277 0.315
1248444716.407 16 4.460 -0.048
1248444716.407 20 5.277 0.304
1248444717.108 20 5.277 0.315
1248444717.588 20 5.182 0.308
1248444717.838 19 5.277 0.276
1248444717.838 20 5.182 0.307
1248444718.076 19 5.277 0.275
1248444718.312 20 5.182 0.312
1248444718.541 19 5.245 0.275
1248444718.541 20 5.182 0.306
1248444718.774 19 5.182 0.279
1248444718.774 20 5.182 0.317
1248444719.007 17 4.217 -0.098
1248444719.007 16 4.327 -0.058
1248444719.007 19 5.182 0.280
1248444719.007 20 5.120 0.316
1248444719.947 16 4.285 -0.047
1248444719.947 14 3.238 0.453
1248444720.177 19 5.099 0.285
1248444720.177 20 5.090 0.320
1248444720.668 16 4.264 -0.050
1248444720.668 19 5.182 0.282
1248444720.668 20 5.126 0.320
1248444720.904 17 4.158 -0.100
1248444720.905 16 4.264 -0.060
1248444720.905 19 5.175 0.283
1248444720.905 20 5.090 0.312
1248444720.905 14 3.245 0.449
1248444720.905 15 3.340 0.488
1248444721.623 19 5.182 0.283
1248444721.855 20 5.090 0.311
1248444721.855 5 4.028 0.569
1248444722.085 5 4.028 0.565
1248444722.563 17 4.096 -0.100
1248444722.563 16 4.202 -0.053
1248444722.563 19 5.090 0.287
1248444722.563 5 4.028 0.570
1248444723.032 17 4.084 -0.103
1248444723.032 16 4.202 -0.065
1248444723.032 19 5.082 0.285
1248444723.269 17 4.084 -0.106
1248444723.269 16 4.202 -0.049
1248444723.269 19 5.045 0.285
1248444723.269 20 5.011 0.323
1248444723.503 20 5.001 0.319
1248444723.503 5 4.028 0.558
1248444723.733 19 5.082 0.287
1248444723.733 5 4.028 0.555
1248444723.963 19 5.035 0.288
1248444723.963 5 4.070 0.550
1248444724.215 19 5.090 0.288
1248444724.215 5 4.084 0.548
1248444724.672 16 4.142 -0.057
1248444724.672 19 5.077 0.287
1248444724.672 20 5.001 0.319
1248444724.672 5 4.084 0.542
1248444724.918 19 5.060 0.282
1248444725.174 19 5.001 0.288
1248444725.174 5 4.084 0.534
1248444726.133 17 4.020 -0.101
1248444726.134 16 4.084 -0.049
1248444726.134 19 4.926 0.293
1248444726.134 20 4.916 0.329
1248444726.134 5 4.028 0.533
1248444726.604 20 4.916 0.332
1248444734.362 2 3.070 0.422
1248444734.362 6 4.677 0.571
1248444734.812 2 2.973 0.493
1248444735.037 2 2.870 0.567
1248444757.963 1 2.504 -0.136
1248444758.196 1 2.504 -0.156
1248444758.430 1 2.504 -0.151
1248444758.657 1 2.525 -0.120
1248444759.336 1 2.555 0.014
1248444760.019 1 2.555 -0.160
1248444760.248 1 2.546 -0.149
1248444760.498 1 2.550 -0.143
1248444760.730 1 2.554 -0.138
1248444761.625 1 2.546 0.087
1248444761.852 1 2.525 0.180
1248444762.313 1 2.443 0.303
1248444762.551 1 2.368 0.396
1248444763.571 1 2.457 0.186
1248444763.826 1 2.443 0.208
1248444764.727 1 2.280 0.441
1248444765.410 20 4.677 -0.099
1248444765.638 14 2.806 0.035
1248444765.870 20 4.677 0.014
1248444766.099 20 4.677 0.011
1248444766.558 20 4.707 0.028
1248444766.558 15 2.955 0.135
1248444766.784 14 2.806 0.077
1248444767.243 20 4.677 -0.059
1248444767.699 14 2.780 0.049
1248444767.699 15 2.944 0.088
1248444767.929 19 4.754 -0.003
1248444767.929 20 4.677 0.038
1248444768.155 19 4.677 0.058
1248444768.610 20 4.559 0.178
1248444768.610 15 2.832 0.284
1248444768.839 14 2.657 0.295
1248444769.071 20 4.530 0.249
1248444769.071 15 2.780 0.365
1248444769.302 20 4.530 0.258
1248444769.530 14 2.631 0.328
1248444769.759 19 4.530 0.220
1248444769.759 14 2.624 0.327
1248444769.987 20 4.460 0.264
1248444769.987 14 2.613 0.323
1248444770.221 15 2.708 0.374
1248444770.455 20 4.460 0.269
1248444770.455 14 2.599 0.324
1248444770.689 20 4.453 0.275
1248444770.689 14 2.589 0.339
1248444770.922 14 2.560 0.363
1248444771.155 14 2.504 0.425
1248444771.623 5 2.616 0.086
1248444771.623 14 2.512 0.417
1248444772.091 19 4.327 0.316
1248444772.091 14 2.477 0.429
1248444772.793 5 2.493 0.143
1248444772.793 15 2.504 0.523
1248444773.028 19 4.327 0.368
1248444773.028 14 2.419 0.466
1248444773.270 19 4.327 0.372
1248444773.270 14 2.393 0.476
1248444773.501 5 2.424 0.178
1248444773.501 14 2.360 0.503
1248444773.736 5 2.391 0.191
1248444773.736 15 2.411 0.570
1248444773.966 19 4.202 0.405
1248444773.966 14 2.332 0.515
1248444774.667 16 3.775 -0.029
1248444774.667 14 2.310 0.528
1248444774.902 5 2.269 0.216
1248444775.138 5 2.230 0.244
1248444775.138 14 2.230 0.570
1248444775.372 5 2.189 0.297
1248444775.372 20 3.885 0.542
1248444775.609 5 2.175 0.299
1248444775.609 20 3.868 0.544
1248444775.847 5 2.138 0.308
1248444775.847 19 3.973 0.509
1248444776.085 17 3.692 0.007
1248444776.085 20 3.868 0.545
1248444776.321 19 3.973 0.500
1248444776.557 16 3.706 0.059
1248444776.558 20 3.817 0.555
1248444777.030 16 3.697 0.058
1248444777.030 20 3.791 0.553
1248444777.267 5 1.979 0.329
1248444777.268 20 3.817 0.550
1248444777.505 16 3.648 0.059
1248444777.505 20 3.768 0.555
1248444777.744 18 3.584 -0.032
1248444777.744 17 3.628 0.009
1248444777.744 16 3.643 0.061
1248444777.744 5 1.918 0.346
1248444777.744 19 3.880 0.517
1248444777.744 20 3.768 0.557
1248444777.990 5 1.867 0.355
1248444777.990 20 3.768 0.562
1248444778.474 5 1.808 0.373
1248444778.474 20 3.724 0.565
1248444778.705 5 1.781 0.376
1248444778.705 19 3.868 0.518
1248444778.951 18 3.541 -0.030
1248444778.951 20 3.720 0.568
1248444779.197 16 3.569 0.066
1248444779.197 20 3.720 0.571
1248444779.678 17 3.524 0.055
1248444779.678 16 3.534 0.111
1248444779.678 19 3.713 0.569
1248444779.920 18 3.458 0.013
1248444779.921 17 3.489 0.056
1248444779.921 16 3.513 0.111
1248444779.921 5 1.603 0.459
1248444779.921 19 3.667 0.569
1248444780.160 18 3.458 0.016
1248444780.160 17 3.497 0.058
1248444780.160 16 3.501 0.112
1248444780.160 5 1.552 0.472
1248444780.161 19 3.674 0.571
1248444780.401 18 3.431 0.014
1248444780.402 17 3.481 0.058
1248444780.402 16 3.476 0.113
1248444780.402 5 1.527 0.480
1248444780.641 18 3.418 0.013
1248444780.641 17 3.468 0.057
1248444780.641 16 3.474 0.111
1248444780.642 5 1.509 0.484
1248444781.113 17 3.453 0.080
1248444781.113 16 3.446 0.137
1248444781.349 16 3.425 0.152
1248444781.349 5 1.385 0.552
1248444781.604 5 1.384 0.550
1248444782.077 18 3.351 0.048
1248444782.077 17 3.383 0.101
1248444782.077 16 3.383 0.158
1248444782.077 5 1.324 0.568
1248444782.310 17 3.379 0.102
1248444782.310 16 3.384 0.158
1248444782.310 5 1.313 0.571
1248444782.551 16 3.357 0.163
1248444782.794 16 3.347 0.158
1248444783.037 16 3.346 0.160
1248444783.592 17 3.328 0.070
1248444783.834 16 3.317 0.115
1248444783.834 5 1.255 0.564
1248444784.072 5 1.251 0.565
1248444784.309 17 3.267 0.055
1248444784.309 5 1.237 0.569
1248444784.547 16 3.270 0.112
1248444785.019 16 3.250 0.113
1248444785.256 17 3.243 0.044
1248444785.493 16 3.208 0.117
1248444785.730 16 3.233 0.113
1248444785.965 16 3.185 0.121
1248444787.365 16 3.111 0.122
1248444787.841 17 3.084 0.059
1248444788.078 16 3.084 0.123
1248444788.310 16 3.075 0.122
1248444788.543 16 3.066 0.122
1248444788.781 16 3.059 0.126
1248444789.015 16 3.040 0.121
1248444789.711 16 3.003 0.134
1248444790.176 17 2.940 0.189
1248444790.411 16 2.859 0.315
1248444790.642 16 2.817 0.351
1248444790.876 17 2.780 0.363
1248444790.876 16 2.730 0.425
1248444791.109 16 2.711 0.450
1248444791.348 16 2.662 0.478
1248444792.347 18 2.659 0.354
1248444792.347 16 2.596 0.485
1248444792.604 16 2.571 0.494
1248444792.852 16 2.566 0.493
1248444793.190 17 2.601 0.427
1248444793.190 16 2.550 0.495
1248444793.436 16 2.537 0.495
1248444794.161 18 2.567 0.353
1248444794.161 17 2.551 0.433
1248444794.161 16 2.502 0.496
1248444794.639 18 2.546 0.359
1248444794.639 17 2.529 0.432
1248444794.640 16 2.483 0.506
1248444794.878 18 2.483 0.390
1248444794.878 17 2.483 0.462
1248444795.354 18 2.470 0.372
1248444795.354 17 2.448 0.452
1248444795.355 16 2.405 0.529
1248444795.593 18 2.443 0.399
1248444795.593 17 2.433 0.453
1248444795.593 16 2.389 0.526
1248444796.063 18 2.424 0.388
1248444796.063 17 2.404 0.457
1248444796.063 16 2.353 0.533
1248444796.539 18 2.411 0.392
1248444796.539 17 2.398 0.461
1248444796.539 16 2.353 0.534
1248444796.780 18 2.390 0.399
1248444796.780 17 2.394 0.461
1248444796.780 16 2.342 0.535
1248444797.022 18 2.385 0.390
1248444797.022 17 2.369 0.459
1248444797.022 16 2.320 0.534
1248444797.263 18 2.362 0.399
1248444797.263 17 2.346 0.467
1248444797.263 16 2.302 0.540
1248444797.504 18 2.339 0.399
1248444797.504 17 2.336 0.468
1248444797.504 16 2.284 0.542
1248444797.747 18 2.327 0.401
1248444797.747 17 2.321 0.470
1248444797.747 16 2.273 0.545
1248444798.672 16 2.230 0.551
1248444798.905 16 2.230 0.551
1248444799.139 16 2.206 0.558
1248444799.372 16 2.243 0.505
1248444800.309 17 2.326 0.318
1248444800.777 17 2.337 0.249
1248444801.008 16 2.324 0.314
1248444801.241 17 2.350 0.171
1248444801.474 16 2.347 0.238
1248444802.401 17 2.280 0.016
1248444802.868 16 2.311 0.068
1248444803.101 16 2.297 -0.006
1248444803.102 19 2.915 0.571
1248444803.342 16 2.290 -0.019
1248444803.342 19 2.934 0.556
1248444803.578 16 2.265 -0.028
1248444804.051 19 3.129 0.412
1248444804.290 19 3.124 0.385
1248444804.290 20 3.096 0.438
1248444804.762 19 3.083 0.386
1248444804.763 20 3.049 0.444
1248444806.204 19 3.162 0.218
1248444806.438 19 3.162 0.149
1248444806.438 20 3.162 0.205
1248444806.684 20 3.178 0.184
1248444806.935 20 3.162 0.181
1248444807.182 20 3.149 0.184
1248444807.925 20 3.104 0.099
1248444808.167 20 3.096 0.087
1248444808.407 20 3.096 0.012
1248444808.892 14 1.388 0.550
1248444809.369 20 3.033 -0.039
1248444810.338 15 1.538 0.452
1248444810.819 14 1.352 0.438
1248444814.036 20 2.754 0.084
1248444814.709 19 2.657 0.157
1248444814.933 20 2.611 0.286
1248444815.614 19 2.574 0.277
1248444815.841 20 2.546 0.363
1248444816.744 19 2.550 0.285
1248444818.792 19 2.492 0.295
1248444818.792 20 2.478 0.372
1248444819.019 20 2.481 0.373
1248444819.693 20 2.424 0.383
1248444820.145 20 2.405 0.383
1248444820.598 20 2.389 0.384
1248444820.828 19 2.409 0.299
1248444821.053 20 2.389 0.380
1248444821.504 20 2.388 0.379
1248444822.409 20 2.332 0.387
1248444823.567 19 2.287 0.321
1248444823.567 20 2.263 0.409
1248444824.029 19 2.287 0.324
1248444824.029 20 2.265 0.401
1248444824.254 19 2.271 0.323
1248444824.480 19 2.277 0.325
1248444824.480 20 2.263 0.411
1248444824.707 19 2.265 0.325
1248444824.707 20 2.233 0.411
1248444824.937 19 2.258 0.329
1248444824.937 20 2.234 0.408
1248444825.166 19 2.250 0.324
1248444825.166 20 2.230 0.416
1248444825.396 19 2.254 0.327
1248444825.626 19 2.249 0.326
1248444825.626 20 2.223 0.412
1248444825.856 20 2.226 0.411
1248444826.092 20 2.230 0.411
1248444826.317 20 2.227 0.412
1248444826.546 20 2.231 0.412
1248444826.774 20 2.224 0.412
1248444827.001 19 2.239 0.323
1248444827.454 20 2.214 0.416
1248444827.684 19 2.234 0.329
1248444827.685 20 2.219 0.412
1248444827.919 19 2.227 0.328
1248444827.919 20 2.214 0.412
1248444828.147 19 2.228 0.327
1248444828.147 20 2.203 0.413
1248444828.373 19 2.232 0.328
1248444828.373 20 2.208 0.414
1248444828.599 19 2.231 0.329
1248444828.600 20 2.214 0.411
1248444828.835 19 2.219 0.324
1248444828.836 20 2.198 0.418
1248444829.062 19 2.213 0.333
1248444829.062 20 2.197 0.416
1248444829.291 19 2.212 0.335
1248444829.291 20 2.189 0.427
1248444829.748 19 2.197 0.332
1248444829.748 20 2.176 0.423
1248444829.978 19 2.183 0.333
1248444829.978 20 2.160 0.422
1248444830.207 19 2.183 0.349
1248444830.434 19 2.187 0.330
1248444830.664 19 2.177 0.332
1248444830.894 19 2.172 0.331
1248444830.894 20 2.154 0.419
1248444831.121 19 2.169 0.338
1248444831.121 20 2.146 0.422
1248444831.809 19 2.143 0.339
1248444831.809 20 2.124 0.429
1248444832.039 19 2.141 0.338
1248444832.039 20 2.121 0.431
1248444832.269 19 2.131 0.345
1248444832.269 20 2.111 0.431
1248444832.499 19 2.131 0.339
1248444832.499 20 2.120 0.435
1248444832.731 19 2.127 0.342
1248444832.731 20 2.104 0.436
1248444832.966 20 2.111 0.432
1248444833.200 20 2.109 0.431
1248444833.426 20 2.115 0.431
1248444833.651 20 2.106 0.431
1248444833.883 20 2.093 0.435
1248444834.109 20 2.082 0.435
1248444835.236 20 2.014 0.453
1248444835.693 19 2.031 0.355
1248444835.924 19 2.030 0.362
1248444836.161 19 2.028 0.362
1248444836.620 19 2.022 0.359
1248444836.620 20 2.002 0.453
1248444838.003 19 1.844 0.538
1248444874.330 13 5.479 -0.039
1248444874.560 13 5.479 -0.040
1248444874.794 12 5.585 -0.083
1248444874.794 13 5.479 -0.039
1248444875.035 12 5.585 -0.083
1248444875.036 13 5.479 -0.039
1248444875.523 13 5.479 -0.038
1248444875.762 13 5.479 -0.028
1248444876.008 13 5.479 -0.026
1248444876.293 13 5.479 -0.039
1248444878.644 12 4.916 0.502
1248444878.875 12 4.916 0.512
1248444879.595 12 5.182 0.352
1248444880.573 5 5.182 -0.043
1248444880.573 3 6.329 0.003
1248444880.573 12 5.376 0.146
1248444880.574 13 5.182 0.193
1248444880.807 5 5.090 -0.043
1248444880.807 13 5.182 0.194
1248444881.520 13 5.090 0.199
1248444882.049 12 5.182 0.153
1248444882.771 5 4.833 -0.051
1248444883.240 5 4.754 -0.055
1248444883.240 3 6.236 0.003
1248444883.240 12 5.182 0.148
1248444883.241 9 7.123 0.179
1248444883.241 11 5.277 0.194
1248444883.241 13 5.001 0.202
1248444883.489 12 5.182 0.151
1248444883.489 13 5.001 0.196
1248444883.750 5 4.744 -0.064
1248444883.751 12 5.182 0.146
1248444883.751 9 7.123 0.172
1248444883.751 11 5.182 0.189
1248444883.751 13 5.001 0.197
1248444883.991 5 4.728 -0.065
1248444883.991 3 6.329 -0.008
1248444883.991 12 5.090 0.149
1248444883.991 9 6.948 0.173
1248444883.991 11 5.182 0.189
1248444884.719 12 5.090 0.151
1248444885.440 12 4.916 0.248
1248444885.440 11 5.090 0.286
1248444886.151 12 4.833 0.338
1248444886.878 5 4.327 0.154
1248444887.810 5 4.028 0.266
1248444888.294 5 3.973 0.266
1248444888.294 3 5.697 0.322
1248444888.793 5 3.919 0.268
1248444888.793 3 5.697 0.325
1248444888.793 11 4.327 0.569
1248444889.026 5 3.919 0.269
1248444889.026 3 5.640 0.323
1248444889.492 5 3.817 0.281
1248444889.493 3 5.549 0.334
1248444889.731 5 3.817 0.284
1248444889.731 12 4.202 0.564
1248444890.444 5 3.720 0.265
1248444890.444 3 5.479 0.317
1248444890.684 5 3.720 0.259
1248444890.684 3 5.479 0.310
1248444890.924 5 3.639 0.252
1248444890.924 3 5.376 0.301
1248444891.163 5 3.589 0.259
1248444891.163 3 5.444 0.309
1248444891.401 5 3.584 0.260
1248444891.401 3 5.376 0.309
1248444891.638 3 5.376 0.311
1248444891.638 12 4.142 0.554
1248444891.878 5 3.530 0.257
1248444891.878 3 5.326 0.309
1248444891.878 12 4.084 0.555
1248444892.117 5 3.499 0.249
1248444892.117 12 4.084 0.548
1248444892.356 3 5.376 0.294
1248444892.356 12 4.142 0.542
1248444892.356 9 5.813 0.565
1248444892.596 5 3.458 0.244
1248444892.596 3 5.277 0.295
1248444892.837 5 3.392 0.247
1248444892.837 3 5.213 0.302
1248444893.078 5 3.340 0.248
1248444893.324 5 3.320 0.236
1248444893.324 3 5.090 0.284
1248444893.324 12 4.028 0.548
1248444893.832 12 3.973 0.564
1248444894.079 3 5.090 0.281
1248444894.334 5 3.196 0.230
1248444894.577 5 3.165 0.222
1248444894.577 7 6.948 0.241
1248444894.577 12 3.919 0.564
1248444894.814 5 3.136 0.222
1248444894.814 7 6.782 0.242
1248444895.050 5 3.113 0.219
1248444895.275 5 3.118 0.153
1248444895.275 13 3.768 0.567
1248444895.500 5 3.103 0.041
1248444895.736 5 3.065 -0.010
1248444896.227 13 4.142 0.278
1248444896.711 13 4.295 0.161
1248444897.186 12 4.393 0.045
1248444897.187 13 4.239 0.121
1248444897.423 10 6.191 0.075
1248444897.423 13 4.202 0.121
1248444897.659 10 6.191 0.070
1248444897.659 13 4.233 0.118
1248444898.365 13 4.142 0.119
1248444898.843 13 4.142 0.113
1248444899.330 12 4.222 0.048
1248444899.330 13 4.084 0.124
1248444899.563 13 4.084 0.128
1248444900.029 13 4.084 0.122
1248444900.950 13 3.973 0.124
1248444901.418 13 3.973 0.122
1248444901.653 13 3.973 0.130
1248444902.349 13 3.821 0.219
1248444902.580 13 3.817 0.227
1248444903.046 13 3.712 0.339
1248444904.232 8 6.329 0.001
1248444904.232 13 3.584 0.399
1248444904.482 8 6.329 0.003
1248444904.482 13 3.563 0.412
1248444904.955 13 3.428 0.487
1248444905.193 7 6.329 0.056
1248444905.193 13 3.384 0.500
1248444905.428 13 3.270 0.564
1248444905.668 8 6.191 0.180
1248444905.668 11 3.470 0.567
1248444905.905 8 6.191 0.207
1248444906.141 8 6.191 0.220
1248444906.380 5 1.791 -0.066
1248444906.380 9 5.090 0.566
1248444906.617 7 6.060 0.226
1248444906.855 6 6.060 0.203
1248444906.855 8 6.060 0.260
1248444907.093 5 1.709 -0.051
1248444907.328 7 6.060 0.237
1248444908.024 7 6.060 0.229
1248444908.261 3 3.720 0.081
1248444908.497 3 3.720 0.079
1248444908.734 3 3.674 0.071
1248444908.971 7 6.060 0.222
1248444909.440 6 5.813 0.210
1248444909.938 3 3.499 0.038
1248444910.174 3 3.499 0.035
1248444910.882 8 5.813 0.248
1248444911.114 12 3.065 0.565
1248444911.349 13 2.985 0.567
1248444911.814 13 3.204 0.377
1248444912.046 13 3.267 0.308
1248444912.281 13 3.267 0.267
1248444912.514 13 3.340 0.186
1248444912.749 12 3.432 0.057
1248444912.749 13 3.310 0.141
1248444912.982 11 3.584 0.063
1248444912.982 13 3.340 0.098
1248444913.454 13 3.347 0.062
1248444913.939 13 3.303 0.051
1248444914.173 13 3.303 0.055
1248444914.645 13 3.238 0.058
1248444915.824 11 3.434 0.028
1248444915.824 13 3.196 0.068
1248444916.060 13 3.196 0.055
1248444916.297 13 3.162 0.054
1248444916.770 11 3.340 0.016
1248444916.770 13 3.125 0.056
1248444917.005 13 3.084 0.072
1248444917.240 11 3.294 0.109
1248444917.240 13 3.059 0.146
1248444917.477 13 3.039 0.150
1248444917.710 12 3.129 0.087
1248444918.425 13 2.907 0.294
1248444918.925 13 2.850 0.339
1248444919.167 13 2.754 0.412
1248444919.883 12 2.780 0.423
1248444919.883 13 2.606 0.522
1248444920.119 7 5.479 0.037
1248444920.119 8 5.376 0.073
1248444920.836 6 5.277 0.022
1248444920.836 7 5.376 0.052
1248444920.836 8 5.376 0.086
1248444920.836 12 2.605 0.530
1248444921.073 6 5.277 0.053
1248444921.073 8 5.277 0.118
1248444921.073 12 2.550 0.564
1248444921.311 6 5.277 0.111
1248444921.311 7 5.376 0.143
1248444921.311 8 5.277 0.182
1248444921.549 6 5.277 0.114
1248444921.549 7 5.376 0.148
1248444921.549 8 5.277 0.181
1248444922.025 6 5.182 0.163
1248444922.025 8 5.182 0.228
1248444922.264 6 5.182 0.170
1248444922.264 7 5.269 0.202
1248444922.264 8 5.182 0.236
1248444922.504 6 5.090 0.181
1248444922.504 8 5.090 0.251
1248444922.744 6 5.096 0.181
1248444922.744 7 5.245 0.212
1248444922.744 8 5.105 0.247
1248444922.980 6 5.090 0.175
1248444923.457 6 5.083 0.173
1248444923.457 7 5.182 0.205
1248444923.457 8 5.090 0.241
1248444923.691 7 5.182 0.212
1248444923.929 6 5.001 0.184
1248444923.929 7 5.151 0.212
1248444923.929 8 5.001 0.251
1248444924.167 6 5.001 0.179
1248444924.167 7 5.147 0.208
1248444924.167 8 5.009 0.244
1248444924.406 6 5.001 0.171
1248444924.406 7 5.090 0.195
1248444924.406 8 5.001 0.236
1248444924.641 8 5.019 0.231
1248444924.874 8 5.001 0.231
1248444925.341 8 4.916 0.224
1248444925.576 8 4.916 0.234
1248444925.813 8 4.916 0.233
1248444926.047 8 4.916 0.234
1248444926.282 8 4.916 0.232
1248444926.515 8 4.833 0.230
1248444926.747 8 4.916 0.234
1248444927.447 8 4.833 0.219
1248444927.913 8 4.833 0.186
1248444928.137 8 4.833 0.119
1248444928.364 8 4.833 0.043
1248444928.364 10 3.955 0.525
1248444928.821 13 2.178 0.565
1248444929.050 13 2.234 0.508
1248444929.512 12 2.393 0.286
1248444929.512 13 2.289 0.408
1248444929.742 12 2.416 0.234
1248444929.974 12 2.410 0.234
1248444929.974 13 2.304 0.361
1248444930.206 10 4.327 0.146
1248444930.438 13 2.268 0.368
1248444931.592 12 2.289 0.254
1248444931.592 13 2.190 0.385
1248444931.823 12 2.280 0.242
1248444932.056 10 4.169 0.162
1248444932.056 13 2.175 0.373
1248444932.292 13 2.153 0.379
1248444932.761 10 4.142 0.150
1248444932.761 13 2.117 0.393
1248444933.226 12 2.178 0.264
1248444933.226 13 2.085 0.402
1248444933.908 12 2.141 0.273
1248444933.908 13 2.037 0.412
1248444934.588 12 2.130 0.262
1248444934.816 9 4.164 0.134
1248444934.816 10 4.031 0.171
1248444934.816 12 2.114 0.278
1248444934.816 13 2.014 0.420
1248444935.046 12 2.101 0.294
1248444935.721 13 1.892 0.554
1248444935.946 12 1.951 0.494
1248444936.406 12 1.874 0.561
1248444936.648 12 1.887 0.560
1248444937.107 9 3.817 0.425
1248444937.107 10 3.674 0.465
1248444937.107 12 1.848 0.564
1248444937.340 6 4.327 -0.146
1248444937.340 7 4.460 -0.107
1248444937.340 8 4.415 -0.065
1248444937.340 9 3.828 0.425
1248444937.340 10 3.674 0.463
1248444937.340 12 1.845 0.567
1248444937.565 10 3.683 0.467
1248444937.566 12 1.849 0.567
1248444938.018 6 4.376 -0.006
1248444938.018 7 4.460 0.032
1248444938.018 9 3.541 0.568
1248444938.701 6 4.327 0.087
1248444938.701 7 4.460 0.122
1248444938.701 8 4.327 0.166
1248444938.928 6 4.313 0.085
1248444938.928 7 4.349 0.122
1248444938.928 8 4.327 0.164
1248444939.155 6 4.264 0.089
1248444939.155 7 4.388 0.126
1248444939.155 8 4.285 0.168
1248444939.385 6 4.327 0.088
1248444939.385 7 4.460 0.128
1248444939.385 8 4.327 0.170
1248444939.615 6 4.202 0.098
1248444939.615 7 4.327 0.123
1248444939.615 8 4.327 0.180
1248444939.844 6 4.202 0.085
1248444939.844 7 4.327 0.124
1248444939.844 8 4.285 0.167
1248444940.073 6 4.239 0.087
1248444940.073 7 4.327 0.125
1248444940.074 8 4.264 0.170
1248444940.544 8 4.251 0.175
1248444940.778 6 4.202 0.102
1248444940.778 7 4.327 0.140
1248444940.779 8 4.202 0.173
1248444941.007 6 4.147 0.111
1248444941.008 7 4.264 0.151
1248444941.008 8 4.248 0.193
1248444941.465 6 4.147 0.120
1248444941.465 7 4.264 0.152
1248444941.700 6 4.142 0.126
1248444941.700 7 4.264 0.164
1248444941.701 8 4.162 0.210
1248444941.930 6 4.119 0.135
1248444941.930 7 4.233 0.173
1248444941.930 8 4.097 0.216
1248444942.627 6 4.084 0.135
1248444942.628 7 4.211 0.173
1248444942.628 8 4.154 0.218
1248444942.859 6 4.142 0.133
1248444942.859 7 4.243 0.171
1248444943.090 6 4.088 0.122
1248444943.090 7 4.183 0.165
1248444943.091 8 4.089 0.208
1248444943.320 6 4.084 0.115
1248444943.320 7 4.172 0.154
1248444943.320 8 4.113 0.189
1248444943.545 6 4.034 0.104
1248444943.545 7 4.197 0.145
1248444943.546 8 4.084 0.188
1248444943.792 8 4.084 0.199
1248444944.019 8 4.056 0.199
1248444944.254 6 4.028 0.112
1248444944.254 7 4.132 0.151
1248444944.254 8 4.084 0.198
1248444944.485 6 3.973 0.101
1248444944.485 8 4.028 0.189
1248444944.710 6 4.018 0.099
1248444944.711 7 4.084 0.139
1248444944.711 8 4.028 0.175
1248444944.942 6 3.946 0.105
1248444944.942 7 4.084 0.145
1248444944.942 8 3.990 0.191
1248444945.627 6 3.973 0.102
1248444945.627 7 4.084 0.150
1248444946.540 6 3.870 0.094
1248444946.541 7 3.977 0.137
1248444946.541 8 3.919 0.182
1248444947.009 6 3.870 0.097
1248444947.009 7 3.973 0.138
1248444947.009 8 3.893 0.178
1248444947.234 6 3.825 0.092
1248444947.234 7 3.950 0.134
1248444947.235 8 3.878 0.184
1248444947.920 6 3.776 0.078
1248444947.920 7 3.919 0.120
1248444947.920 8 3.817 0.170
1248444948.374 6 3.768 0.071
1248444948.374 7 3.868 0.124
1248444948.374 8 3.817 0.163
1248444948.842 6 3.723 0.068
1248444948.843 7 3.845 0.111
1248444948.843 8 3.771 0.160
1248444949.080 6 3.758 0.063
1248444949.080 7 3.824 0.104
1248444949.080 8 3.768 0.155
1248444949.318 6 3.718 0.060
1248444949.318 7 3.820 0.102
1248444949.318 8 3.733 0.153
1248444949.790 6 3.678 0.064
1248444949.790 7 3.768 0.101
1248444950.030 8 3.694 0.154
1248444950.535 7 3.763 0.087
1248444950.535 8 3.682 0.137
1248444951.022 6 3.584 0.052
1248444951.022 7 3.711 0.096
1248444951.022 8 3.635 0.148
1248444951.496 6 3.543 0.043
1248444951.496 7 3.676 0.086
1248444951.496 8 3.628 0.139
1248444952.005 6 3.569 0.026
1248444952.005 8 3.589 0.122
1248444952.253 8 3.555 0.128
1248444952.504 7 3.597 0.083
1248444952.504 8 3.546 0.136
1248444952.756 8 3.541 0.117
1248444953.003 8 3.509 0.121
1248444953.316 8 3.469 0.122
1248444953.543 8 3.469 0.131
1248444953.770 7 3.501 0.070
1248444953.770 8 3.431 0.124
1248444953.998 7 3.468 0.061
1248444953.998 8 3.455 0.120
1248444954.461 8 3.435 0.116
1248444954.689 8 3.422 0.117
1248444954.918 8 3.432 0.116
1248444955.374 8 3.420 0.117
1248444955.604 8 3.438 0.117
1248444955.835 8 3.415 0.117
1248444956.082 8 3.391 0.119
1248444956.315 7 3.460 0.060
1248444956.315 8 3.388 0.117
1248444956.544 6 3.340 0.012
1248444956.545 7 3.432 0.060
1248444956.545 8 3.402 0.117
1248444956.772 6 3.305 0.013
1248444956.772 7 3.445 0.058
1248444956.773 8 3.390 0.115
1248444957.462 6 3.267 0.011
1248444957.462 7 3.415 0.061
1248444957.463 8 3.346 0.119
1248444957.694 6 3.285 0.013
1248444957.694 7 3.416 0.061
1248444957.694 8 3.374 0.119
1248444957.924 6 3.274 0.013
1248444957.925 7 3.386 0.061
1248444957.925 8 3.349 0.119
1248444958.169 8 3.350 0.117
1248444958.397 8 3.327 0.118
1248444958.624 8 3.340 0.118
1248444958.855 7 3.355 0.062
1248444958.855 8 3.340 0.120
1248444959.107 8 3.317 0.117
1248444959.788 8 3.267 0.120
1248444960.507 6 3.164 0.013
1248444960.507 7 3.269 0.060
1248444960.507 8 3.231 0.123
1248444960.969 6 3.129 0.018
1248444960.969 7 3.231 0.068
1248444960.969 8 3.196 0.129
1248444961.195 6 3.104 0.015
1248444961.195 7 3.205 0.061
1248444961.195 8 3.169 0.126
1248444961.426 6 3.129 0.036
1248444961.653 6 3.096 0.020
1248444961.654 7 3.231 0.070
1248444961.654 8 3.173 0.126
1248444962.112 6 3.080 0.028
1248444962.113 8 3.129 0.140
1248444962.350 6 3.040 0.016
1248444962.350 7 3.153 0.068
1248444962.350 8 3.103 0.130
1248444962.576 6 3.033 0.016
1248444962.576 7 3.135 0.070
1248444962.576 8 3.096 0.121
1248444963.140 8 3.065 0.134
1248444963.596 8 3.042 0.136
1248444963.842 7 3.118 0.076
1248444964.070 8 3.033 0.137
1248444964.296 8 3.007 0.139
1248444964.527 8 3.016 0.132
1248444964.755 8 2.990 0.143
1248444965.210 8 2.953 0.139
1248444965.687 6 2.895 0.017
1248444965.687 7 3.004 0.070
1248444965.687 8 2.952 0.136
1248444965.919 6 2.868 0.017
1248444965.919 7 2.988 0.071
1248444965.919 8 2.934 0.136
1248444966.150 6 2.867 0.017
1248444966.150 7 2.998 0.072
1248444966.150 8 2.939 0.136
1248444966.380 6 2.884 0.017
1248444966.380 7 2.984 0.071
1248444966.380 8 2.941 0.136
1248444966.614 6 2.884 0.017
1248444966.614 7 2.985 0.071
1248444966.614 8 2.941 0.136
1248444966.849 6 2.884 0.017
1248444966.850 7 2.986 0.071
1248444966.850 8 2.939 0.136
1248444967.078 6 2.873 0.017
1248444967.078 7 2.991 0.072
1248444967.078 8 2.934 0.136
1248444967.315 6 2.899 0.014
1248444967.315 7 3.017 0.070
1248444967.315 8 2.973 0.135
1248444967.544 6 2.864 0.016
1248444967.544 7 2.991 0.071
1248444967.544 8 2.933 0.136
1248444967.772 6 2.859 0.019
1248444967.772 7 2.957 0.075
1248444967.772 8 2.915 0.140
1248444968.002 6 2.832 0.019
1248444968.002 7 2.971 0.073
1248444968.002 8 2.915 0.141
1248444968.232 6 2.816 0.018
1248444968.232 7 2.944 0.073
1248444968.232 8 2.888 0.138
1248444968.691 6 2.800 0.013
1248444968.691 7 2.927 0.068
1248444968.691 8 2.880 0.135
1248444968.923 6 2.787 0.011
1248444968.924 7 2.901 0.068
1248444968.924 8 2.852 0.134
1248444969.828 6 2.730 0.169
1248444969.828 7 2.806 0.231
1248444970.056 6 2.681 0.249
1248444970.056 7 2.754 0.309
1248444970.056 8 2.657 0.376
1248444970.970 6 2.423 0.516
1248444970.971 7 2.463 0.570
1248445002.129 20 6.060 -0.059
1248445002.597 20 6.028 -0.060
1248445004.157 19 5.933 0.161
1248445004.157 20 5.813 0.184
1248445004.396 14 4.240 0.043
1248445004.396 15 4.264 0.089
1248445004.396 19 5.933 0.161
1248445004.638 15 4.202 0.098
1248445004.879 19 6.060 0.157
1248445005.348 15 4.202 0.111
1248445006.070 14 4.084 0.100
1248445006.070 15 4.088 0.141
1248445006.070 20 5.697 0.246
1248445006.312 14 4.028 0.108
1248445006.312 15 4.084 0.151
1248445006.312 19 5.813 0.225
1248445006.312 20 5.585 0.255
1248445006.554 14 4.035 0.106
1248445006.554 15 4.028 0.153
1248445006.555 19 5.697 0.224
1248445007.041 14 4.028 0.096
1248445007.041 15 4.028 0.157
1248445007.041 19 5.697 0.223
1248445007.544 14 3.973 0.122
1248445007.544 20 5.585 0.270
1248445007.793 19 5.697 0.232
1248445008.537 15 3.919 0.159
1248445008.538 20 5.479 0.264
1248445009.078 18 5.585 -0.181
1248445009.078 14 3.838 0.121
1248445009.078 15 3.873 0.166
1248445009.078 19 5.585 0.240
1248445009.078 20 5.376 0.272
1248445009.804 16 5.479 -0.097
1248445009.804 14 3.817 0.121
1248445009.804 15 3.824 0.172
1248445009.804 19 5.558 0.250
1248445009.804 20 5.376 0.282
1248445010.048 19 5.585 0.250
1248445010.048 20 5.376 0.286
1248445010.290 14 3.768 0.119
1248445010.290 15 3.774 0.174
1248445010.290 20 5.376 0.280
1248445010.532 19 5.479 0.248
1248445010.774 18 5.376 -0.160
1248445010.774 17 5.479 -0.137
1248445010.774 14 3.717 0.140
1248445010.774 15 3.741 0.188
1248445010.775 19 5.403 0.260
1248445010.775 20 5.277 0.292
1248445011.016 14 3.674 0.157
1248445011.016 19 5.376 0.272
1248445011.259 16 5.376 -0.096
1248445011.259 14 3.674 0.136
1248445011.259 15 3.685 0.196
1248445011.260 19 5.427 0.255
1248445011.260 20 5.277 0.287
1248445011.745 20 5.277 0.287
1248445011.988 14 3.674 0.131
1248445012.234 19 5.376 0.267
1248445012.480 15 3.628 0.196
1248445012.480 20 5.182 0.300
1248445013.572 17 5.277 -0.111
1248445013.573 14 3.506 0.170
1248445013.573 15 3.545 0.221
1248445013.573 19 5.245 0.293
1248445013.573 20 5.090 0.326
1248445014.093 18 5.182 -0.153
1248445014.093 17 5.277 -0.124
1248445014.093 16 5.182 -0.087
1248445014.094 14 3.499 0.150
1248445014.094 15 3.504 0.218
1248445014.094 19 5.182 0.282
1248445014.094 20 5.090 0.312
1248445014.572 17 5.277 -0.116
1248445014.572 16 5.182 -0.083
1248445014.572 14 3.458 0.160
1248445014.572 19 5.182 0.288
1248445014.811 19 5.090 0.299
1248445014.811 20 5.001 0.330
1248445015.048 17 5.182 -0.118
1248445015.048 14 3.418 0.169
1248445015.285 17 5.182 -0.106
1248445015.285 16 5.182 -0.083
1248445015.285 14 3.388 0.168
1248445015.285 15 3.418 0.233
1248445015.285 19 5.090 0.300
1248445015.285 20 4.916 0.336
1248445015.525 18 5.120 -0.138
1248445015.525 17 5.172 -0.106
1248445015.525 14 3.345 0.185
1248445015.525 15 3.383 0.238
1248445015.525 19 5.090 0.309
1248445015.526 20 4.916 0.339
1248445015.766 17 5.090 -0.114
1248445015.766 16 5.090 -0.075
1248445015.766 14 3.347 0.174
1248445015.766 15 3.379 0.234
1248445015.766 19 5.001 0.303
1248445015.766 20 4.916 0.338
1248445016.005 16 5.090 -0.078
1248445016.005 14 3.303 0.188
1248445016.005 15 3.379 0.241
1248445016.006 19 5.001 0.303
1248445016.006 20 4.916 0.338
1248445016.245 17 5.090 -0.113
1248445016.245 14 3.276 0.184
1248445016.245 15 3.340 0.243
1248445016.245 19 5.026 0.306
1248445016.245 20 4.840 0.341
1248445016.483 17 5.090 -0.111
1248445016.484 16 5.090 -0.074
1248445016.484 14 3.267 0.191
1248445016.484 15 3.340 0.252
1248445016.484 19 5.001 0.309
1248445016.484 20 4.916 0.336
1248445016.723 17 5.030 -0.107
1248445016.724 20 4.833 0.351
1248445016.964 17 5.001 -0.110
1248445016.964 16 5.001 -0.071
1248445016.964 14 3.231 0.195
1248445016.964 19 5.001 0.309
1248445016.964 20 4.801 0.349
1248445017.204 19 4.916 0.315
1248445017.444 18 5.001 -0.141
1248445017.444 17 5.001 -0.109
1248445017.444 16 5.001 -0.068
1248445017.444 14 3.208 0.191
1248445017.444 15 3.267 0.248
1248445017.444 19 4.916 0.316
1248445017.444 20 4.833 0.351
1248445017.684 17 5.001 -0.107
1248445017.684 20 4.754 0.356
1248445017.919 14 3.196 0.187
1248445017.919 20 4.754 0.353
1248445018.153 14 3.179 0.186
1248445018.388 14 3.141 0.198
1248445018.388 20 4.684 0.356
1248445018.624 20 4.677 0.365
1248445018.859 20 4.677 0.369
1248445019.329 19 4.780 0.334
1248445019.329 20 4.658 0.370
1248445019.800 14 3.042 0.207
1248445019.800 20 4.613 0.371
1248445020.270 15 3.037 0.283
1248445020.270 20 4.597 0.385
1248445021.179 18 4.754 -0.135
1248445021.180 17 4.754 -0.102
1248445021.180 16 4.754 -0.062
1248445021.180 14 2.944 0.220
1248445021.180 15 2.983 0.291
1248445021.180 19 4.658 0.344
1248445022.674 17 4.621 -0.093
1248445022.675 16 4.602 -0.046
1248445022.675 14 2.816 0.244
1248445022.675 15 2.832 0.321
1248445022.675 20 4.393 0.409
1248445023.872 14 2.760 0.158
1248445023.872 15 2.832 0.222
1248445023.872 19 4.530 0.278
1248445023.872 20 4.431 0.320
1248445024.111 15 2.825 0.191
1248445024.111 19 4.573 0.237
1248445024.111 20 4.460 0.274
1248445024.350 14 2.775 0.086
1248445024.350 15 2.834 0.147
1248445024.350 19 4.561 0.200
1248445024.351 20 4.460 0.241
1248445025.070 14 2.731 0.015
1248445025.070 15 2.806 0.087
1248445025.070 19 4.556 0.134
1248445025.070 20 4.460 0.177
1248445025.310 14 2.730 0.003
1248445025.310 19 4.602 0.129
1248445025.792 14 2.673 0.007
1248445025.792 19 4.530 0.132
1248445026.505 14 2.634 0.014
1248445026.505 15 2.705 0.087
1248445026.505 19 4.460 0.138
1248445026.505 20 4.366 0.179
1248445026.976 15 2.681 0.096
1248445026.977 19 4.460 0.141
1248445026.977 20 4.393 0.179
1248445027.213 14 2.567 0.020
1248445027.213 15 2.645 0.088
1248445027.213 19 4.393 0.139
1248445027.450 14 2.549 0.015
1248445027.450 15 2.634 0.096
1248445027.451 19 4.393 0.139
1248445027.451 20 4.302 0.181
1248445027.926 14 2.515 0.022
1248445027.926 15 2.603 0.091
1248445027.927 19 4.342 0.148
1248445027.927 20 4.264 0.186
1248445028.165 14 2.507 0.020
1248445028.165 15 2.583 0.091
1248445028.165 19 4.360 0.146
1248445028.165 20 4.272 0.189
1248445028.642 14 2.476 0.018
1248445028.642 15 2.552 0.090
1248445028.642 19 4.327 0.146
1248445028.642 20 4.208 0.187
1248445029.116 19 4.264 0.135
1248445029.116 20 4.264 0.180
1248445029.352 14 2.424 0.020
1248445029.352 19 4.264 0.136
1248445029.591 14 2.411 0.007
1248445029.829 14 2.391 0.018
1248445029.829 20 4.142 0.191
1248445030.295 20 4.028 0.265
1248445030.527 15 2.405 0.203
1248445030.999 19 4.028 0.316
1248445031.932 14 2.183 0.306
1248445032.403 14 2.080 0.379
1248445032.641 16 3.919 0.009
1248445032.641 20 3.541 0.535
1248445032.882 15 2.080 0.478
1248445033.124 18 3.973 -0.062
1248445033.125 17 3.949 -0.024
1248445033.125 16 3.919 0.025
1248445033.125 14 2.042 0.399
1248445033.125 15 2.067 0.476
1248445033.125 19 3.603 0.517
1248445033.125 20 3.468 0.563
1248445033.392 18 3.919 -0.071
1248445033.392 17 3.925 -0.026
1248445033.392 16 3.874 0.023
1248445033.392 14 2.025 0.399
1248445033.392 15 2.058 0.476
1248445033.392 19 3.615 0.519
1248445033.392 20 3.468 0.562
1248445033.634 18 3.919 -0.068
1248445033.634 17 3.917 -0.022
1248445033.634 16 3.870 0.026
1248445033.634 14 2.026 0.389
1248445033.635 19 3.593 0.519
1248445033.635 20 3.458 0.562
1248445033.895 14 1.981 0.418
1248445033.895 20 3.398 0.571
1248445034.135 16 3.817 0.030
1248445034.135 19 3.541 0.529
1248445034.369 14 1.932 0.431
1248445034.369 19 3.511 0.537
1248445034.619 14 1.927 0.421
1248445034.619 19 3.499 0.535
1248445034.867 14 1.922 0.405
1248445035.116 14 1.906 0.407
1248445035.116 20 3.340 0.571
1248445035.609 16 3.720 0.045
1248445036.106 17 3.720 0.003
1248445036.351 18 3.720 -0.053
1248445036.351 17 3.720 -0.005
1248445036.351 16 3.674 0.048
1248445036.351 14 1.788 0.465
1248445036.351 15 1.806 0.564
1248445036.594 18 3.712 -0.041
1248445036.594 17 3.674 0.004
1248445036.594 16 3.649 0.056
1248445036.594 14 1.766 0.470
1248445036.594 15 1.782 0.560
1248445037.334 15 1.879 0.410
1248445037.825 14 1.837 0.212
1248445037.825 15 1.915 0.295
1248445037.825 20 3.541 0.351
1248445038.066 14 1.837 0.134
1248445038.066 15 1.926 0.227
1248445039.054 20 3.541 0.272
1248445040.044 14 1.709 0.126
1248445040.536 15 1.756 0.245
1248445041.034 14 1.648 0.122
1248445041.035 15 1.729 0.239
1248445041.035 20 3.388 0.286
1248445041.508 14 1.615 0.172
1248445041.747 15 1.631 0.376
1248445042.475 15 1.556 0.442
1248445042.725 16 3.267 -0.079
1248445042.974 16 3.256 -0.018
1248445043.274 17 3.267 -0.062
1248445043.522 14 1.350 0.527
1248445043.770 16 3.196 0.071
1248445044.020 16 3.166 0.109
1248445044.270 16 3.157 0.128
1248445044.767 16 3.102 0.142
1248445045.017 17 3.162 0.089
1248445045.759 16 3.065 0.150
1248445046.023 16 3.011 0.161
1248445046.523 17 3.033 0.117
1248445046.523 16 2.988 0.191
1248445047.031 16 2.939 0.177
1248445047.531 17 2.976 0.108
1248445047.531 16 2.911 0.176
1248445048.253 16 2.836 0.192
1248445048.483 16 2.832 0.188
1248445048.947 16 2.806 0.160
1248445049.642 16 2.791 0.172
1248445049.876 16 2.782 0.168
1248445050.109 16 2.786 0.166
1248445050.344 16 2.798 0.168
1248445050.578 16 2.785 0.166
1248445050.910 16 2.792 0.168
1248445051.151 18 2.870 0.030
1248445051.151 17 2.840 0.099
1248445051.151 16 2.787 0.166
1248445051.387 18 2.871 0.030
1248445051.387 17 2.839 0.099
1248445051.387 16 2.787 0.166
1248445051.625 18 2.867 0.030
1248445051.625 17 2.835 0.098
1248445051.625 16 2.784 0.166
1248445051.877 16 2.774 0.166
1248445052.109 16 2.773 0.166
1248445052.590 16 2.714 0.270
1248445052.827 17 2.742 0.264
1248445053.058 17 2.754 0.281
1248445053.404 1 2.364 -0.070
1248445053.404 18 2.730 0.282
1248445053.404 17 2.644 0.357
1248445053.636 1 2.343 -0.033
1248445053.636 18 2.668 0.332
1248445053.637 17 2.583 0.399
1248445053.637 16 2.479 0.469
1248445053.874 1 2.332 -0.018
1248445053.875 17 2.559 0.409
1248445053.875 16 2.466 0.478
1248445054.116 1 2.305 -0.028
1248445054.116 18 2.626 0.338
1248445054.117 17 2.556 0.408
1248445054.117 16 2.454 0.480
1248445054.354 1 2.302 -0.030
1248445054.355 18 2.621 0.337
1248445054.355 17 2.554 0.407
1248445054.355 16 2.445 0.480
1248445054.589 1 2.276 -0.030
1248445054.589 18 2.600 0.341
1248445054.590 17 2.523 0.411
1248445054.590 16 2.426 0.484
1248445054.830 1 2.263 -0.030
1248445054.830 18 2.611 0.341
1248445054.830 17 2.517 0.413
1248445054.830 16 2.414 0.487
1248445055.068 17 2.502 0.411
1248445055.068 16 2.406 0.486
1248445055.307 18 2.579 0.339
1248445055.307 16 2.398 0.484
1248445055.542 17 2.504 0.413
1248445055.542 16 2.401 0.486
1248445055.790 16 2.399 0.484
1248445056.024 17 2.484 0.412
1248445056.024 16 2.377 0.486
1248445056.278 16 2.391 0.481
1248445056.528 17 2.444 0.420
1248445056.528 16 2.350 0.494
1248445057.049 17 2.410 0.427
1248445057.049 16 2.318 0.501
1248445057.315 1 2.151 -0.032
1248445057.315 18 2.462 0.356
1248445057.315 17 2.399 0.431
1248445057.315 16 2.294 0.507
1248445057.554 17 2.390 0.435
1248445057.554 16 2.290 0.509
1248445057.797 1 2.136 -0.032
1248445057.797 18 2.459 0.359
1248445057.797 17 2.385 0.435
1248445057.797 16 2.276 0.513
1248445058.030 1 2.111 -0.032
1248445058.030 18 2.439 0.361
1248445058.030 17 2.362 0.437
1248445058.030 16 2.263 0.514
1248445058.266 1 2.106 -0.035
1248445058.267 18 2.438 0.360
1248445058.267 17 2.362 0.436
1248445058.267 16 2.258 0.512
1248445058.502 1 2.093 -0.037
1248445058.502 18 2.418 0.360
1248445058.502 17 2.339 0.437
1248445058.503 16 2.244 0.514
1248445058.741 1 2.080 -0.036
1248445058.741 18 2.404 0.363
1248445058.741 17 2.332 0.441
1248445058.741 16 2.239 0.517
1248445058.975 1 2.082 -0.037
1248445058.975 18 2.412 0.363
1248445058.975 17 2.337 0.440
1248445058.975 16 2.236 0.520
1248445059.212 1 2.058 -0.039
1248445059.213 18 2.388 0.364
1248445059.213 17 2.315 0.442
1248445059.213 16 2.220 0.520
1248445059.447 1 2.038 -0.039
1248445059.447 18 2.366 0.365
1248445059.447 17 2.297 0.443
1248445059.447 16 2.197 0.524
1248445059.682 1 2.041 -0.039
1248445059.682 18 2.378 0.369
1248445059.683 17 2.297 0.447
1248445059.683 16 2.202 0.523
1248445059.931 17 2.280 0.449
1248445059.931 16 2.183 0.528
1248445060.177 17 2.262 0.455
1248445060.177 16 2.164 0.534
1248445060.411 17 2.250 0.457
1248445060.411 16 2.153 0.536
1248445060.653 17 2.238 0.459
1248445060.653 16 2.134 0.540
1248445060.894 17 2.229 0.461
1248445060.894 16 2.129 0.541
1248445061.142 17 2.226 0.464
1248445061.142 16 2.122 0.544
1248445061.627 16 2.183 0.467
1248445061.865 1 1.939 -0.176
1248445062.115 17 2.307 0.323
1248445062.115 16 2.224 0.405
1248445062.617 17 2.297 0.322
1248445062.617 16 2.216 0.404
1248445062.867 1 1.903 -0.197
1248445062.867 18 2.341 0.239
1248445062.867 17 2.294 0.320
1248445062.867 16 2.222 0.405
1248445063.117 1 1.898 -0.193
1248445063.117 18 2.338 0.236
1248445063.117 17 2.289 0.319
1248445063.117 16 2.214 0.401
1248445063.364 16 2.199 0.405
1248445063.608 18 2.316 0.249
1248445063.608 16 2.201 0.407
1248445063.864 18 2.314 0.237
1248445063.864 16 2.184 0.403
1248445064.106 16 2.174 0.405
1248445064.349 16 2.165 0.401
1248445064.592 16 2.146 0.411
1248445064.833 17 2.227 0.321
1248445064.833 16 2.147 0.407
1248445065.076 18 2.246 0.243
1248445065.076 17 2.218 0.322
1248445065.076 16 2.134 0.409
1248445065.322 18 2.255 0.225
1248445065.323 17 2.212 0.314
1248445065.323 16 2.138 0.395
1248445065.568 18 2.243 0.263
1248445065.568 17 2.193 0.331
1248445065.568 16 2.121 0.418
1248445065.811 18 2.230 0.237
1248445065.811 17 2.191 0.314
1248445065.811 16 2.109 0.403
1248445066.062 16 2.101 0.398
1248445066.308 18 2.218 0.208
1248445066.308 17 2.176 0.295
1248445066.308 16 2.103 0.384
1248445066.559 18 2.216 0.210
1248445066.560 17 2.174 0.297
1248445066.560 16 2.097 0.385
1248445066.814 18 2.206 0.163
1248445066.814 16 2.102 0.348
1248445067.293 16 2.106 0.329
1248445067.534 16 2.085 0.337
1248445067.778 16 2.068 0.325
1248445068.506 17 2.098 0.219
1248445068.749 17 2.083 0.229
1248445068.749 16 2.022 0.320
1248445069.227 16 1.971 0.343
1248445069.464 16 1.952 0.359
1248445069.695 18 2.016 0.170
1248445069.695 16 1.919 0.364
1248445069.934 16 1.903 0.367
1248445070.174 16 1.903 0.362
1248445070.407 18 1.963 0.207
1248445070.407 16 1.868 0.389
1248445070.634 16 1.804 0.447
1248445070.862 16 1.706 0.564
1248445071.094 17 1.724 0.548
1248445071.332 18 1.729 0.522
1248445071.574 1 1.494 -0.014
1248445071.813 1 1.473 0.068
1248445072.287 1 1.401 0.269
1248445072.525 1 1.361 0.356
1248445072.762 1 1.309 0.442
1248445072.997 1 1.228 0.568
