1248444189.599 2 3.787 -0.257
1248444189.599 15 6.758 -0.005
1248444189.828 14 6.600 -0.022
1248444189.828 15 6.626 0.002
1248444190.059 14 6.561 -0.019
1248444190.289 2 3.787 -0.231
1248444190.519 2 3.777 -0.228
1248444190.519 14 6.448 -0.011
1248444190.519 15 6.600 0.019
1248444190.981 2 3.787 -0.222
1248444190.982 15 6.652 0.017
1248444191.131 2 3.787 -0.222
1248444191.131 15 6.652 0.017
1248444191.315 2 3.787 -0.222
1248444191.315 15 6.652 0.017
1248444191.601 2 3.838 -0.212
1248444191.601 14 6.498 -0.011
1248444191.601 15 6.600 0.015
1248444191.832 2 3.838 -0.214
1248444191.833 3 6.304 -0.157
1248444191.833 14 6.491 -0.009
1248444191.833 15 6.600 0.015
1248444191.833 19 8.632 0.035
1248444192.065 2 3.838 -0.210
1248444192.065 3 6.304 -0.157
1248444192.065 14 6.554 -0.009
1248444192.065 15 6.600 0.020
1248444192.297 2 3.838 -0.211
1248444192.297 14 6.538 -0.009
1248444192.298 15 6.600 0.015
1248444192.298 19 8.632 0.039
1248444192.529 2 3.890 -0.210
1248444192.529 3 6.304 -0.158
1248444192.529 14 6.448 -0.009
1248444192.529 15 6.600 0.015
1248444192.529 19 8.632 0.035
1248444192.762 2 3.890 -0.210
1248444192.762 3 6.304 -0.156
1248444192.762 14 6.448 -0.011
1248444192.762 15 6.600 0.015
1248444192.993 2 3.872 -0.208
1248444192.993 14 6.448 -0.010
1248444192.994 15 6.600 0.015
1248444193.273 14 6.473 -0.011
1248444193.273 19 8.632 0.035
1248444193.501 15 6.600 0.015
1248444193.501 19 8.632 0.035
1248444193.733 2 3.932 -0.209
1248444193.734 14 6.481 -0.009
1248444193.734 15 6.600 0.015
1248444193.734 19 8.632 0.035
1248444193.986 2 3.922 -0.210
1248444193.986 14 6.448 -0.009
1248444193.986 15 6.600 0.015
1248444193.986 19 8.632 0.033
1248444194.219 2 3.943 -0.206
1248444194.219 15 6.626 0.020
1248444194.474 15 6.758 0.022
1248444195.521 3 6.034 -0.155
1248444196.212 15 6.448 0.027
1248444196.677 14 6.304 0.001
1248444196.677 15 6.470 0.028
1248444197.141 15 6.600 0.035
1248444197.373 15 6.448 0.027
1248444197.605 14 6.304 -0.005
1248444197.605 15 6.304 0.025
1248444198.763 15 6.304 -0.006
1248444198.994 3 5.671 -0.178
1248444198.994 14 6.166 -0.035
1248444199.223 15 6.304 -0.008
1248444199.223 19 8.130 0.013
1248444199.448 15 6.304 -0.009
1248444199.449 19 8.130 0.011
1248444199.674 14 6.166 -0.031
1248444199.674 19 8.130 0.010
1248444200.398 19 8.130 0.014
1248444201.326 2 3.643 -0.351
1248444201.559 15 6.166 -0.054
1248444201.792 15 6.166 -0.052
1248444202.021 14 6.034 -0.081
1248444202.477 15 6.034 -0.052
1248444202.937 15 6.034 -0.052
1248444203.244 15 6.034 -0.052
1248444204.635 15 6.034 -0.047
1248444205.331 3 5.154 -0.210
1248444205.331 20 7.479 -0.003
1248444206.026 15 5.908 -0.053
1248444207.188 14 5.671 -0.082
1248444207.188 15 5.787 -0.058
1248444207.422 15 5.787 -0.055
1248444207.656 16 6.925 -0.275
1248444207.656 20 7.479 -0.008
1248444208.121 15 5.787 -0.055
1248444208.586 14 5.671 -0.088
1248444208.586 20 7.479 -0.007
1248444209.280 14 5.559 -0.088
1248444209.731 3 4.805 -0.208
1248444209.731 20 7.284 -0.011
1248444209.956 15 5.671 -0.061
1248444210.425 3 4.726 -0.202
1248444210.425 14 5.559 -0.086
1248444210.891 14 5.496 -0.086
1248444210.891 20 7.284 -0.009
1248444211.125 14 5.452 -0.081
1248444211.125 15 5.559 -0.059
1248444211.591 14 5.452 -0.087
1248444212.060 3 4.649 -0.205
1248444212.524 14 5.349 -0.087
1248444212.524 20 7.100 -0.009
1248444213.342 14 5.289 -0.087
1248444213.342 15 5.452 -0.057
1248444213.574 15 5.452 -0.059
1248444213.574 20 7.100 -0.009
1248444213.806 15 5.452 -0.062
1248444214.505 15 5.349 -0.052
1248444214.973 15 5.349 -0.052
1248444215.208 14 5.250 -0.079
1248444215.441 14 5.178 -0.085
1248444215.908 14 5.154 -0.093
1248444215.908 15 5.250 -0.054
1248444216.377 14 5.154 -0.088
1248444216.612 19 6.925 -0.029
1248444217.077 14 5.062 -0.097
1248444217.077 20 6.925 -0.005
1248444217.311 15 5.250 -0.055
1248444217.780 15 5.173 -0.058
1248444217.780 20 6.758 -0.000
1248444218.014 15 5.108 -0.059
1248444218.247 15 5.141 -0.062
1248444218.947 15 5.062 -0.054
1248444219.880 14 4.888 -0.096
1248444220.333 14 4.888 -0.096
1248444220.333 15 4.974 -0.062
1248444220.567 14 4.888 -0.099
1248444220.567 19 6.758 -0.031
1248444221.033 3 3.649 -0.191
1248444221.033 20 6.600 -0.007
1248444221.963 14 4.805 -0.094
1248444221.963 20 6.600 -0.009
1248444222.429 15 4.888 -0.071
1248444223.190 3 3.387 -0.212
1248444223.190 14 4.726 -0.107
1248444223.190 15 4.805 -0.074
1248444223.190 19 6.600 -0.042
1248444223.190 20 6.448 -0.011
1248444223.439 14 4.726 -0.109
1248444223.674 14 4.657 -0.104
1248444223.674 15 4.773 -0.072
1248444224.871 3 3.131 -0.220
1248444224.871 14 4.633 -0.109
1248444224.872 15 4.649 -0.069
1248444225.820 14 4.502 -0.104
1248444225.820 20 6.304 -0.019
1248444226.990 14 4.432 -0.102
1248444226.990 20 6.193 -0.014
1248444227.456 14 4.398 -0.110
1248444227.456 19 6.304 -0.033
1248444228.187 14 4.364 -0.116
1248444228.187 15 4.432 -0.072
1248444228.420 14 4.342 -0.112
1248444228.420 20 6.166 -0.008
1248444229.351 14 4.266 -0.114
1248444229.351 20 6.034 -0.017
1248444229.585 3 2.507 -0.273
1248444229.585 15 4.358 -0.079
1248444229.856 20 6.034 -0.013
1248444230.138 20 6.034 -0.011
1248444230.838 17 5.452 -0.386
1248444230.838 20 6.034 -0.011
1248444231.072 20 6.034 -0.013
1248444231.307 15 4.298 -0.080
1248444231.307 19 6.034 -0.041
1248444231.543 15 4.235 -0.076
1248444231.543 20 5.908 -0.016
1248444232.013 14 4.173 -0.127
1248444232.013 20 5.908 -0.013
1248444232.481 19 6.034 -0.048
1248444233.280 15 4.143 -0.081
1248444233.280 20 5.908 -0.011
1248444233.985 19 5.908 -0.047
1248444234.221 15 4.055 -0.073
1248444234.221 20 5.787 -0.012
1248444234.928 15 4.055 -0.079
1248444234.928 19 5.816 -0.046
1248444235.395 20 5.671 -0.017
1248444235.869 15 3.943 -0.082
1248444235.869 20 5.671 -0.011
1248444236.572 14 3.806 -0.130
1248444236.572 20 5.661 -0.015
1248444237.262 19 5.671 -0.046
1248444237.262 20 5.590 -0.014
1248444237.497 19 5.671 -0.047
1248444237.732 14 3.738 -0.135
1248444237.732 20 5.559 -0.014
1248444238.201 14 3.690 -0.131
1248444238.202 20 5.549 -0.014
1248444238.436 20 5.559 -0.020
1248444239.372 20 5.452 -0.008
1248444239.841 19 5.452 -0.047
1248444239.841 20 5.452 -0.015
1248444240.543 19 5.452 -0.049
1248444240.543 20 5.452 -0.023
1248444267.280 19 3.598 -0.350
1248444276.592 19 3.002 -0.342
1248444276.824 19 2.971 -0.350
1248444277.056 20 2.912 -0.317
1248444277.289 19 2.941 -0.362
1248444300.995 19 1.751 -0.554
1248444301.698 19 1.735 -0.557
1248444301.698 20 1.648 -0.507
1248444303.809 19 1.689 -0.502
1248444304.543 20 1.582 -0.414
1248444305.473 19 1.744 -0.345
1248444305.703 20 1.605 -0.268
1248444307.539 19 1.649 -0.366
1248444308.686 19 1.571 -0.383
1248444310.050 20 1.410 -0.254
1248444310.963 20 1.397 -0.271
1248444311.885 20 1.390 -0.115
1248444312.801 20 1.326 -0.127
1248444365.442 18 2.288 -0.557
1248444365.679 18 2.268 -0.560
1248444366.868 17 2.095 -0.518
1248444366.868 18 2.299 -0.491
1248444367.100 16 1.915 -0.552
1248444367.100 17 2.094 -0.507
1248444367.336 16 1.993 -0.489
1248444367.802 17 2.199 -0.353
1248444367.802 18 2.406 -0.325
1248444368.039 17 2.187 -0.350
1248444368.039 18 2.389 -0.321
1248444368.276 17 2.183 -0.350
1248444368.276 18 2.380 -0.323
1248444368.516 17 2.174 -0.350
1248444368.516 18 2.372 -0.323
1248444368.993 17 2.144 -0.354
1248444368.994 18 2.338 -0.327
1248444369.230 16 1.993 -0.387
1248444369.463 17 2.117 -0.362
1248444369.463 18 2.317 -0.333
1248444369.693 17 2.102 -0.364
1248444369.693 18 2.303 -0.335
1248444369.927 16 1.917 -0.436
1248444370.158 17 2.071 -0.371
1248444370.158 18 2.271 -0.341
1248444370.390 18 2.255 -0.345
1248444370.628 17 2.034 -0.382
1248444370.628 18 2.233 -0.349
1248444370.858 17 2.058 -0.320
1248444371.092 17 2.055 -0.303
1248444371.092 18 2.250 -0.271
1248444371.329 17 2.053 -0.300
1248444371.329 18 2.250 -0.267
1248444371.566 17 2.036 -0.299
1248444371.566 18 2.228 -0.266
1248444371.803 17 2.011 -0.302
1248444371.803 18 2.209 -0.268
1248444372.039 17 1.997 -0.307
1248444372.039 18 2.190 -0.273
1248444372.275 17 2.006 -0.271
1248444372.511 18 2.215 -0.183
1248444372.751 18 2.207 -0.184
1248444372.987 17 1.990 -0.216
1248444372.987 18 2.179 -0.182
1248444373.543 17 1.949 -0.228
1248444373.543 18 2.139 -0.192
1248444373.774 17 1.935 -0.222
1248444374.008 17 1.956 -0.132
1248444374.008 18 2.143 -0.104
1248444374.247 17 1.937 -0.141
1248444374.247 18 2.125 -0.104
1248444374.710 17 1.901 -0.145
1248444374.710 18 2.091 -0.107
1248444374.977 16 1.728 -0.203
1248444374.977 17 1.889 -0.145
1248444374.978 18 2.078 -0.107
1248444375.248 17 1.872 -0.144
1248444375.248 18 2.059 -0.106
1248444375.481 16 1.733 -0.156
1248444375.717 18 2.054 -0.033
1248444375.948 17 1.841 -0.065
1248444375.948 18 2.024 -0.025
1248444376.420 17 1.824 -0.052
1248444376.656 17 1.821 -0.061
1248444376.656 18 2.003 -0.021
1248444376.891 17 1.805 -0.030
1248444376.891 18 1.989 0.011
1248444377.364 16 1.633 -0.044
1248444377.364 18 1.955 0.056
1248444377.602 17 1.767 0.018
1248444377.602 18 1.943 0.058
1248444377.837 17 1.755 0.020
1248444377.837 18 1.933 0.061
1248444378.071 18 1.906 0.059
1248444378.306 16 1.584 0.020
1248444378.306 17 1.726 0.084
1248444378.541 16 1.586 0.018
1248444378.779 17 1.678 0.105
1248444378.779 18 1.844 0.148
1248444379.012 18 1.847 0.154
1248444379.246 17 1.647 0.120
1248444379.246 18 1.816 0.153
1248444379.470 17 1.626 0.147
1248444379.941 17 1.588 0.204
1248444379.941 18 1.746 0.246
1248444380.632 16 1.448 0.117
1248444380.861 18 1.684 0.252
1248444381.092 16 1.398 0.123
1248444381.092 17 1.522 0.198
1248444381.329 18 1.656 0.260
1248444381.794 17 1.461 0.273
1248444382.026 17 1.428 0.342
1248444382.261 2 3.690 -0.443
1248444382.731 5 6.034 -0.247
1248444382.731 18 1.502 0.421
1248444382.969 16 1.244 0.303
1248444382.969 18 1.482 0.427
1248444383.299 16 1.232 0.318
1248444383.534 18 1.443 0.439
1248444383.997 2 3.787 -0.358
1248444383.997 16 1.154 0.383
1248444384.232 16 1.131 0.396
1248444384.232 17 1.226 0.468
1248444384.468 4 4.805 -0.484
1248444384.468 13 7.237 -0.213
1248444384.705 5 6.034 -0.164
1248444385.410 4 5.062 -0.384
1248444385.410 13 7.178 -0.119
1248444385.644 4 5.062 -0.384
1248444385.644 13 7.100 -0.120
1248444386.351 2 3.890 -0.237
1248444386.817 4 5.154 -0.346
1248444386.818 5 5.908 -0.029
1248444387.053 5 5.908 -0.018
1248444387.289 4 5.154 -0.318
1248444387.289 5 5.908 -0.009
1248444388.441 14 2.065 -0.276
1248444389.370 2 3.890 0.158
1248444389.603 2 3.916 0.158
1248444390.072 14 1.995 -0.171
1248444390.072 4 5.505 0.052
1248444390.307 14 1.991 -0.175
1248444390.307 2 3.934 0.151
1248444390.541 4 5.400 0.053
1248444390.541 5 5.250 0.314
1248444391.009 14 1.929 -0.175
1248444391.009 5 5.154 0.316
1248444391.477 4 5.452 0.063
1248444391.711 14 1.887 -0.169
1248444391.711 5 5.062 0.314
1248444391.945 14 1.860 -0.185
1248444391.945 5 5.062 0.313
1248444392.413 14 1.825 -0.190
1248444392.413 2 3.899 0.137
1248444392.646 14 1.827 -0.214
1248444392.646 5 4.974 0.313
1248444392.879 15 1.703 -0.293
1248444392.879 4 5.400 0.061
1248444393.679 14 1.734 -0.206
1248444393.679 2 3.890 0.117
1248444393.913 15 1.643 -0.312
1248444393.913 5 4.805 0.308
1248444394.147 2 3.851 0.123
1248444394.147 5 4.805 0.312
1248444394.382 4 5.349 0.065
1248444394.382 5 4.805 0.309
1248444395.083 5 4.805 0.234
1248444395.319 5 4.805 0.227
1248444395.555 2 3.838 0.022
1248444395.555 5 4.726 0.225
1248444395.791 5 4.706 0.223
1248444396.025 12 6.448 0.184
1248444396.025 5 4.649 0.226
1248444396.258 14 1.518 -0.343
1248444397.198 5 4.713 0.066
1248444397.903 2 3.779 -0.177
1248444397.903 5 4.649 0.058
1248444398.136 2 3.787 -0.174
1248444398.136 5 4.649 0.061
1248444398.372 4 5.062 -0.171
1248444398.372 5 4.574 0.061
1248444398.604 14 1.266 -0.559
1248444399.072 12 6.340 -0.035
1248444399.072 5 4.432 0.007
1248444399.306 2 3.690 -0.254
1248444399.306 5 4.459 0.004
1248444399.776 5 4.364 -0.077
1248444400.012 2 3.598 -0.353
1248444400.482 5 4.277 -0.091
1248444400.953 5 4.235 -0.134
1248444401.428 5 4.173 -0.155
1248444401.663 5 4.133 -0.160
1248444402.358 4 4.785 -0.379
1248444402.358 5 4.007 -0.156
1248444402.816 4 4.805 -0.387
1248444402.816 5 3.952 -0.166
1248444403.151 5 3.890 -0.174
1248444403.637 5 3.838 -0.170
1248444404.342 5 3.762 -0.158
1248444404.577 12 5.908 -0.227
1248444404.577 5 3.698 -0.170
1248444404.841 5 3.684 -0.174
1248444405.546 4 4.649 -0.394
1248444405.546 5 3.568 -0.181
1248444405.778 4 4.726 -0.391
1248444405.778 5 3.546 -0.181
1248444406.701 4 4.630 -0.399
1248444406.701 5 3.407 -0.194
1248444407.405 5 3.348 -0.193
1248444407.641 5 3.300 -0.198
1248444407.876 5 3.236 -0.204
1248444408.108 5 3.236 -0.204
1248444408.336 5 3.180 -0.211
1248444408.805 5 3.131 -0.214
1248444409.499 5 3.030 -0.234
1248444409.993 5 2.971 -0.233
1248444409.993 13 5.452 -0.217
1248444410.478 5 2.897 -0.236
1248444410.478 13 5.452 -0.220
1248444411.215 5 2.808 -0.248
1248444411.673 5 2.798 -0.252
1248444411.903 5 2.795 -0.256
1248444412.134 13 5.383 -0.210
1248444412.364 13 5.387 -0.215
1248444412.595 13 5.383 -0.216
1248444412.827 5 2.769 -0.272
1248444413.133 11 5.559 -0.239
1248444413.133 13 5.349 -0.217
1248444413.599 5 2.695 -0.296
1248444413.826 13 5.349 -0.228
1248444414.055 5 2.658 -0.310
1248444414.754 13 5.269 -0.227
1248444415.684 12 5.250 -0.280
1248444415.684 13 5.250 -0.224
1248444415.918 11 5.349 -0.253
1248444415.919 13 5.181 -0.229
1248444416.149 13 5.154 -0.228
1248444416.620 5 2.612 -0.371
1248444416.620 13 5.250 -0.239
1248444416.855 13 5.170 -0.234
1248444417.088 11 5.349 -0.274
1248444417.088 13 5.147 -0.249
1248444417.317 13 5.136 -0.251
1248444417.547 5 2.568 -0.413
1248444417.547 13 5.128 -0.252
1248444418.009 13 5.093 -0.237
1248444418.238 11 5.250 -0.260
1248444418.238 13 5.062 -0.236
1248444418.467 12 5.062 -0.293
1248444418.467 13 5.046 -0.246
1248444418.700 13 5.003 -0.250
1248444418.933 13 4.974 -0.259
1248444419.168 13 4.974 -0.269
1248444419.634 11 5.154 -0.296
1248444419.634 13 4.931 -0.275
1248444420.096 13 4.888 -0.271
1248444420.557 5 2.411 -0.528
1248444420.791 13 4.805 -0.305
1248444421.021 13 4.799 -0.306
1248444421.254 13 4.776 -0.306
1248444421.486 13 4.794 -0.293
1248444421.716 13 4.726 -0.294
1248444421.949 13 4.726 -0.302
1248444422.179 13 4.702 -0.310
1248444422.872 13 4.664 -0.314
1248444423.659 13 4.636 -0.326
1248444423.894 13 4.649 -0.322
1248444424.130 11 4.805 -0.352
1248444424.130 13 4.574 -0.327
1248444424.365 13 4.550 -0.330
1248444426.705 13 4.342 -0.367
1248444426.940 13 4.298 -0.374
1248444428.116 13 4.173 -0.392
1248444430.942 13 3.943 -0.437
1248444432.358 4 2.673 -0.500
1248444433.382 4 2.513 -0.553
1248444433.620 4 2.500 -0.551
1248444433.857 4 2.471 -0.563
1248444434.094 4 2.411 -0.574
1248444435.321 11 3.690 -0.561
1248444443.686 4 1.630 -0.548
1248444444.381 12 3.598 -0.223
1248444444.381 13 3.482 -0.145
1248444445.081 13 3.468 -0.141
1248444445.315 12 3.529 -0.247
1248444445.547 12 3.532 -0.251
1248444446.705 12 3.475 -0.231
1248444446.937 12 3.420 -0.255
1248444447.398 12 3.427 -0.219
1248444447.630 12 3.387 -0.245
1248444447.861 12 3.391 -0.205
1248444448.556 12 3.357 -0.238
1248444449.017 12 3.361 -0.190
1248444449.249 2 3.643 -0.534
1248444449.480 11 3.427 -0.189
1248444450.404 12 3.228 -0.234
1248444450.867 12 3.218 -0.234
1248444450.867 13 3.131 -0.160
1248444451.098 13 3.098 -0.129
1248444451.329 13 3.098 -0.148
1248444451.560 13 3.098 -0.176
1248444451.791 13 3.081 -0.133
1248444452.023 13 3.065 -0.158
1248444452.254 13 3.002 -0.177
1248444452.485 12 3.123 -0.210
1248444452.947 13 2.971 -0.182
1248444453.961 13 2.941 -0.159
1248444454.189 12 2.996 -0.271
1248444454.420 13 2.919 -0.137
1248444454.884 13 2.861 -0.195
1248444455.115 13 2.871 -0.117
1248444455.578 13 2.855 -0.107
1248444456.736 8 5.349 -0.362
1248444456.736 13 2.793 -0.000
1248444456.969 13 2.800 -0.014
1248444457.201 7 5.250 -0.400
1248444457.201 10 4.805 0.023
1248444457.432 13 2.748 -0.013
1248444457.666 10 4.805 0.019
1248444457.897 13 2.748 -0.013
1248444457.897 10 4.726 0.022
1248444458.360 13 2.682 -0.009
1248444458.360 10 4.726 0.018
1248444458.592 10 4.726 0.018
1248444458.820 12 2.802 -0.104
1248444458.820 10 4.726 0.018
1248444459.049 13 2.640 -0.007
1248444459.049 10 4.726 0.021
1248444459.509 12 2.725 -0.099
1248444459.509 10 4.649 0.021
1248444460.199 12 2.686 -0.098
1248444460.200 13 2.557 -0.010
1248444460.657 13 2.524 -0.012
1248444461.572 2 3.620 -0.285
1248444461.572 13 2.476 -0.009
1248444462.249 2 3.568 -0.301
1248444462.249 13 2.417 -0.024
1248444462.479 12 2.530 -0.115
1248444462.480 13 2.399 -0.013
1248444462.709 2 3.587 -0.274
1248444462.709 13 2.386 -0.007
1248444463.267 13 2.352 -0.012
1248444463.496 12 2.444 -0.129
1248444463.496 13 2.318 -0.026
1248444463.728 11 2.557 -0.058
1248444463.728 10 4.364 -0.002
1248444464.187 12 2.398 -0.130
1248444464.187 13 2.275 -0.022
1248444464.641 12 2.363 -0.142
1248444464.641 13 2.237 -0.034
1248444465.117 12 2.329 -0.152
1248444465.117 13 2.201 -0.041
1248444465.577 12 2.335 -0.159
1248444465.805 12 2.318 -0.150
1248444465.805 13 2.193 -0.042
1248444466.034 12 2.283 -0.144
1248444466.034 13 2.156 -0.032
1248444466.493 12 2.248 -0.168
1248444466.493 13 2.128 -0.056
1248444466.952 12 2.227 -0.166
1248444466.952 10 4.113 -0.018
1248444467.183 11 2.347 -0.087
1248444467.183 10 4.113 -0.024
1248444467.641 13 2.046 -0.061
1248444467.872 13 2.028 -0.068
1248444468.101 13 2.008 -0.062
1248444468.329 12 2.114 -0.178
1248444468.329 10 3.998 -0.016
1248444468.557 2 3.200 -0.260
1248444468.787 12 2.081 -0.194
1248444468.787 10 3.998 -0.028
1248444469.247 11 2.200 -0.109
1248444469.247 13 1.930 -0.074
1248444469.708 2 3.098 -0.262
1248444469.708 12 2.018 -0.213
1248444469.708 11 2.157 -0.116
1248444469.708 13 1.902 -0.092
1248444470.407 2 3.023 -0.254
1248444470.407 12 1.958 -0.222
1248444470.407 11 2.112 -0.125
1248444470.407 13 1.840 -0.091
1248444470.407 10 3.838 -0.054
1248444471.103 12 1.909 -0.234
1248444471.103 13 1.787 -0.107
1248444471.339 12 1.882 -0.244
1248444471.340 11 2.047 -0.146
1248444471.340 13 1.772 -0.110
1248444471.578 12 1.864 -0.251
1248444471.578 11 2.026 -0.151
1248444471.578 13 1.757 -0.116
1248444471.817 12 1.846 -0.252
1248444471.817 11 2.002 -0.150
1248444471.817 13 1.737 -0.112
1248444471.817 10 3.738 -0.079
1248444472.055 13 1.716 -0.108
1248444472.312 13 1.703 -0.109
1248444472.554 13 1.685 -0.114
1248444473.291 10 3.690 -0.092
1248444473.525 13 1.614 -0.140
1248444473.757 10 3.643 -0.103
1248444473.990 13 1.583 -0.150
1248444474.222 2 2.722 -0.236
1248444474.223 13 1.557 -0.153
1248444475.146 10 3.554 -0.114
1248444476.315 10 3.468 -0.125
1248444476.548 13 1.391 -0.189
1248444476.783 13 1.372 -0.192
1248444476.783 10 3.387 -0.137
1248444477.702 13 1.292 -0.222
1248444478.406 13 1.242 -0.231
1248444497.772 14 4.888 -0.019
1248444498.683 20 6.448 -0.237
1248444498.683 4 5.250 0.087
1248444498.913 4 5.349 0.101
1248444499.373 4 5.349 0.109
1248444499.833 4 5.299 0.126
1248444500.063 14 4.726 -0.111
1248444500.296 15 4.888 -0.091
1248444500.296 4 5.269 0.134
1248444501.219 14 4.649 -0.113
1248444501.448 15 4.805 -0.091
1248444501.448 4 5.250 0.129
1248444502.136 4 5.349 0.142
1248444502.366 4 5.202 0.139
1248444502.596 15 4.726 -0.083
1248444502.596 4 5.154 0.132
1248444502.826 4 5.202 0.142
1248444503.645 20 6.166 -0.160
1248444503.645 4 5.226 0.147
1248444503.876 15 4.649 -0.059
1248444504.108 4 5.250 0.157
1248444504.339 4 5.250 0.153
1248444504.569 14 4.432 -0.077
1248444504.569 4 5.250 0.144
1248444504.800 4 5.250 0.142
1248444506.644 14 4.298 -0.047
1248444506.644 4 5.154 0.169
1248444507.106 14 4.262 -0.042
1248444507.106 4 5.131 0.178
1248444507.333 4 5.154 0.171
1248444507.793 14 4.235 -0.037
1248444507.793 4 5.062 0.182
1248444508.023 15 4.364 -0.012
1248444508.023 4 5.062 0.176
1248444508.712 14 4.173 -0.018
1248444508.712 4 5.062 0.185
1248444509.856 20 5.908 -0.095
1248444509.856 4 5.062 0.185
1248444510.778 14 3.998 -0.008
1248444510.778 4 5.062 0.184
1248444512.850 19 5.671 -0.087
1248444514.312 14 3.738 0.054
1248444514.541 14 3.738 0.053
1248444515.001 14 3.738 0.071
1248444515.923 20 5.452 -0.016
1248444515.923 4 4.805 0.223
1248444516.383 20 5.452 0.004
1248444516.613 20 5.452 0.006
1248444516.842 14 3.554 0.103
1248444517.750 20 5.349 0.004
1248444517.750 4 4.649 0.235
1248444517.979 20 5.349 0.009
1248444517.979 4 4.649 0.238
1248444518.435 14 3.427 0.124
1248444518.435 4 4.598 0.254
1248444520.041 20 5.154 0.075
1248444520.041 14 3.309 0.171
1248444520.499 19 5.154 0.045
1248444520.962 14 3.200 0.191
1248444521.196 14 3.200 0.198
1248444523.353 20 4.888 0.161
1248444523.584 19 4.888 0.116
1248444523.584 14 3.002 0.260
1248444524.501 19 4.814 0.125
1248444524.501 20 4.805 0.165
1248444525.446 19 4.805 0.152
1248444526.137 20 4.649 0.220
1248444528.649 14 2.673 0.264
1248444528.872 14 2.676 0.230
1248444529.101 14 2.673 0.207
1248444529.791 14 2.649 0.156
1248444530.501 19 4.432 -0.002
1248444530.501 14 2.602 0.178
1248444530.737 17 3.165 -0.477
1248444530.737 19 4.480 -0.001
1248444530.737 20 4.502 0.038
1248444530.738 14 2.624 0.171
1248444530.981 20 4.497 0.038
1248444530.981 14 2.616 0.171
1248444531.226 20 4.432 0.037
1248444531.226 15 2.774 0.208
1248444531.462 19 4.471 -0.001
1248444531.462 15 2.774 0.210
1248444533.404 14 2.501 0.188
1248444534.331 16 3.165 -0.394
1248444534.331 14 2.415 0.233
1248444534.565 4 3.435 0.183
1248444535.298 20 4.203 0.091
1248444535.298 14 2.344 0.241
1248444535.528 19 4.173 0.054
1248444535.528 14 2.319 0.246
1248444535.994 19 4.160 0.068
1248444535.994 14 2.276 0.263
1248444536.918 20 4.055 0.121
1248444536.918 4 3.200 0.186
1248444537.613 20 3.998 0.142
1248444537.613 14 2.138 0.304
1248444537.846 19 3.998 0.094
1248444537.846 14 2.118 0.302
1248444538.080 19 3.998 0.099
1248444539.012 20 3.890 0.169
1248444539.012 14 2.027 0.337
1248444540.173 19 3.838 0.145
1248444540.634 4 2.855 0.218
1248444540.863 4 2.838 0.218
1248444541.768 4 2.738 0.239
1248444541.998 17 2.673 -0.382
1248444541.998 4 2.722 0.244
1248444542.231 16 2.745 -0.313
1248444542.231 4 2.697 0.246
1248444542.462 4 2.713 0.248
1248444543.493 20 3.510 0.290
1248444543.724 17 2.615 -0.352
1248444543.724 20 3.468 0.293
1248444544.178 16 2.654 -0.284
1248444544.178 4 2.500 0.271
1248444544.873 4 2.452 0.275
1248444544.873 20 3.427 0.302
1248444545.335 17 2.535 -0.339
1248444545.335 16 2.602 -0.272
1248444545.570 4 2.362 0.287
1248444545.803 17 2.518 -0.331
1248444545.803 4 2.355 0.288
1248444546.266 4 2.296 0.296
1248444546.728 4 2.234 0.306
1248444547.653 16 2.475 -0.251
1248444547.653 4 2.145 0.302
1248444547.888 4 2.104 0.307
1248444548.122 17 2.411 -0.295
1248444548.122 4 2.084 0.314
1248444549.048 17 2.369 -0.237
1248444549.048 20 2.941 0.471
1248444550.213 17 2.400 -0.014
1248444550.213 16 2.413 0.061
1248444550.686 17 2.382 0.040
1248444550.686 16 2.381 0.116
1248444551.156 17 2.362 0.038
1248444551.156 16 2.369 0.114
1248444551.388 17 2.377 0.034
1248444551.388 16 2.391 0.101
1248444551.859 18 2.289 -0.039
1248444551.859 16 2.333 0.114
1248444552.094 17 2.331 0.038
1248444552.094 16 2.333 0.117
1248444552.330 18 2.275 -0.037
1248444552.330 16 2.318 0.116
1248444552.566 17 2.302 0.038
1248444552.566 16 2.303 0.120
1248444552.801 17 2.300 0.036
1248444552.801 16 2.301 0.116
1248444553.373 16 2.305 0.102
1248444553.608 17 2.247 0.037
1248444553.608 16 2.248 0.119
1248444554.538 17 2.175 0.042
1248444554.538 16 2.180 0.126
1248444554.777 18 2.131 -0.039
1248444554.777 17 2.171 0.042
1248444554.777 16 2.176 0.125
1248444555.523 16 2.135 0.134
1248444556.218 18 2.055 -0.039
1248444556.218 16 2.102 0.129
1248444556.452 17 2.079 0.043
1248444556.452 16 2.086 0.130
1248444556.922 17 2.090 0.020
1248444557.155 17 2.025 -0.014
1248444557.155 16 2.036 0.077
1248444557.386 17 2.010 -0.074
1248444557.386 16 2.031 0.017
1248444557.617 17 1.980 -0.147
1248444557.618 16 2.017 -0.053
1248444558.079 16 1.929 -0.236
1248444558.309 17 1.794 -0.426
1248444558.309 16 1.872 -0.327
1248444560.123 14 1.247 0.291
1248444560.349 14 1.261 0.196
1248444560.575 14 1.269 0.096
1248444560.800 14 1.262 0.053
1248444561.027 14 1.240 -0.042
1248444561.481 14 1.213 -0.114
1248444590.261 6 6.304 0.173
1248444590.727 8 6.304 0.227
1248444590.954 6 6.304 0.170
1248444591.186 8 6.386 0.211
1248444591.420 7 6.448 0.177
1248444591.655 6 6.304 0.167
1248444592.359 8 6.304 0.205
1248444592.828 8 6.304 0.194
1248444593.409 8 6.304 0.192
1248444593.643 7 6.257 0.170
1248444593.874 8 6.166 0.188
1248444594.110 7 6.166 0.157
1248444594.807 8 6.166 0.188
1248444595.041 7 6.166 0.157
1248444595.041 8 6.166 0.180
1248444595.507 7 6.166 0.150
1248444595.507 8 6.077 0.177
1248444595.740 7 6.063 0.158
1248444595.740 8 6.034 0.190
1248444595.973 7 6.077 0.160
1248444595.973 8 6.034 0.187
1248444596.206 7 6.034 0.153
1248444596.908 6 5.908 0.130
1248444597.143 6 5.908 0.131
1248444597.377 7 6.034 0.143
1248444597.378 8 5.908 0.176
1248444597.612 5 2.827 0.382
1248444598.314 8 5.908 0.164
1248444598.314 5 2.774 0.397
1248444598.548 6 5.787 0.110
1248444598.548 5 2.748 0.396
1248444598.782 5 2.722 0.407
1248444599.250 7 5.908 0.135
1248444599.250 5 2.726 0.419
1248444599.713 5 2.712 0.419
1248444599.948 7 5.787 0.117
1248444600.415 6 5.671 0.109
1248444600.415 8 5.728 0.162
1248444600.882 6 5.671 0.098
1248444600.882 5 2.689 0.442
1248444601.117 6 5.559 0.094
1248444601.117 5 2.682 0.445
1248444601.350 7 5.787 0.105
1248444601.350 5 2.697 0.444
1248444602.816 8 5.671 0.124
1248444603.235 7 5.671 0.093
1248444603.235 8 5.671 0.117
1248444603.699 7 5.559 0.094
1248444603.933 8 5.559 0.113
1248444604.166 6 5.452 0.050
1248444604.167 7 5.559 0.072
1248444606.572 3 1.919 0.298
1248444606.822 3 1.937 0.195
1248444607.059 3 1.938 0.083
1248444607.296 3 1.929 0.005
1248444607.534 13 3.131 -0.477
1248444607.534 3 1.905 -0.056
1248444607.776 3 1.861 -0.141
1248444608.013 3 1.810 -0.195
1248444608.482 3 1.713 -0.317
1248444608.720 3 1.669 -0.357
1248444608.961 3 1.630 -0.385
1248444609.203 3 1.610 -0.389
1248444609.678 3 1.577 -0.384
1248444609.917 3 1.559 -0.384
1248444610.155 3 1.550 -0.376
1248444610.389 3 1.517 -0.372
1248444610.621 3 1.492 -0.373
1248444610.858 3 1.466 -0.372
1248444611.096 3 1.451 -0.369
1248444611.336 3 1.439 -0.367
1248444611.569 3 1.413 -0.364
1248444611.806 3 1.405 -0.361
1248444612.046 3 1.373 -0.359
1248444612.282 3 1.363 -0.335
1248444612.520 3 1.370 -0.266
1248444612.761 3 1.351 -0.260
1248444613.002 3 1.336 -0.248
1248444613.279 3 1.315 -0.218
1248444613.514 3 1.315 -0.109
1248444613.755 3 1.294 -0.066
1248444613.996 3 1.276 -0.056
1248444614.239 3 1.249 -0.055
1248444614.483 3 1.220 -0.051
1248444614.746 3 1.203 -0.051
1248444614.988 3 1.160 -0.051
1248444615.231 3 1.138 -0.053
1248444615.737 13 2.722 -0.573
1248444615.737 3 1.097 -0.012
1248444615.979 13 2.720 -0.560
1248444616.249 13 2.748 -0.575
1248444616.514 13 2.708 -0.563
1248444616.753 13 2.682 -0.565
1248444616.990 13 2.774 -0.492
1248444617.464 12 2.673 -0.565
1248444617.464 13 2.777 -0.481
1248444617.701 11 2.880 -0.541
1248444617.701 13 2.779 -0.483
1248444617.936 5 1.870 -0.575
1248444618.169 13 2.877 -0.361
1248444618.404 11 3.060 -0.367
1248444618.404 13 2.915 -0.314
1248444618.641 11 3.047 -0.363
1248444618.641 13 2.907 -0.312
1248444618.878 13 2.893 -0.310
1248444619.114 13 2.924 -0.271
1248444619.347 10 4.574 -0.410
1248444619.347 13 2.953 -0.226
1248444619.581 12 2.926 -0.262
1248444619.581 13 2.986 -0.157
1248444619.815 12 2.964 -0.213
1248444619.815 13 2.998 -0.110
1248444620.279 10 4.805 -0.165
1248444620.279 13 3.007 0.013
1248444620.510 12 3.017 -0.026
1248444620.510 13 3.017 0.075
1248444620.740 9 5.062 -0.078
1248444620.741 13 2.985 0.127
1248444620.970 12 3.006 0.113
1248444620.970 13 2.953 0.212
1248444621.200 9 5.062 0.059
1248444621.200 13 2.888 0.265
1248444621.432 7 4.974 -0.325
1248444621.432 5 2.047 0.279
1248444621.658 8 5.062 -0.219
1248444621.659 5 1.995 0.350
1248444621.887 7 5.062 -0.208
1248444621.887 5 1.962 0.395
1248444622.116 6 4.974 -0.188
1248444622.116 12 2.800 0.369
1248444622.345 8 5.154 -0.079
1248444622.576 7 5.175 -0.044
1248444622.576 12 2.649 0.475
1248444622.809 7 5.241 -0.001
1248444622.809 9 4.649 0.408
1248444623.100 7 5.178 -0.005
1248444623.100 10 4.432 0.444
1248444623.328 6 5.022 -0.081
1248444623.328 7 5.192 -0.052
1248444623.329 8 5.154 -0.018
1248444623.329 9 4.649 0.364
1248444623.329 10 4.502 0.395
1248444623.560 6 4.974 -0.143
1248444623.560 7 5.154 -0.114
1248444623.560 8 5.117 -0.079
1248444623.561 9 4.726 0.307
1248444623.561 10 4.649 0.335
1248444623.561 12 2.697 0.425
1248444623.795 6 4.974 -0.186
1248444623.795 7 5.154 -0.156
1248444623.796 8 5.062 -0.124
1248444623.796 9 4.805 0.269
1248444623.796 10 4.649 0.299
1248444623.796 12 2.748 0.387
1248444623.796 5 1.855 0.476
1248444624.045 6 4.888 -0.224
1248444624.046 7 5.062 -0.194
1248444624.046 8 4.974 -0.158
1248444624.046 10 4.726 0.264
1248444624.046 12 2.774 0.352
1248444624.046 5 1.884 0.442
1248444624.280 10 4.726 0.212
1248444624.514 6 4.726 -0.313
1248444624.515 7 4.974 -0.283
1248444624.515 9 4.888 0.151
1248444624.515 10 4.805 0.183
1248444624.515 12 2.827 0.273
1248444625.217 6 4.649 -0.401
1248444625.217 7 4.805 -0.375
1248444625.217 8 4.805 -0.335
1248444625.217 9 4.896 0.066
1248444625.217 10 4.805 0.095
1248444625.217 12 2.872 0.181
1248444625.453 6 4.649 -0.405
1248444625.453 9 4.937 0.066
1248444625.453 10 4.816 0.096
1248444625.453 12 2.876 0.180
1248444625.687 8 4.805 -0.335
1248444625.688 9 4.888 0.067
1248444625.688 10 4.774 0.098
1248444625.688 12 2.855 0.183
1248444625.925 9 4.888 0.066
1248444625.925 10 4.805 0.094
1248444625.925 12 2.855 0.180
1248444626.395 9 4.888 0.056
1248444626.396 10 4.805 0.095
1248444626.396 12 2.827 0.183
1248444626.633 9 4.882 0.066
1248444626.633 10 4.763 0.099
1248444626.633 12 2.831 0.181
1248444626.869 10 4.805 0.099
1248444627.105 9 4.815 0.067
1248444627.105 10 4.734 0.098
1248444627.105 12 2.800 0.177
1248444627.579 9 4.888 0.065
1248444627.579 10 4.714 0.099
1248444627.579 13 2.728 0.280
1248444627.816 9 4.833 0.064
1248444627.816 10 4.687 0.098
1248444628.054 9 4.836 0.068
1248444628.054 10 4.660 0.099
1248444629.229 9 4.726 0.066
1248444629.229 10 4.687 0.093
1248444629.701 9 4.726 0.067
1248444629.701 10 4.574 0.101
1248444630.171 9 4.726 0.058
1248444630.171 10 4.649 0.093
1248444630.172 5 1.703 0.433
1248444630.406 9 4.711 0.063
1248444630.406 10 4.574 0.097
1248444630.406 12 2.625 0.186
1248444630.406 5 1.693 0.435
1248444630.880 5 1.652 0.455
1248444631.115 9 4.649 0.064
1248444631.115 5 1.636 0.462
1248444631.582 9 4.649 0.054
1248444631.582 5 1.598 0.475
1248444632.050 9 4.574 0.014
1248444632.517 5 1.536 0.462
1248444632.753 13 2.471 0.234
1248444632.753 5 1.506 0.471
1248444634.665 8 3.998 -0.500
1248444634.665 13 2.294 0.246
1248444634.899 13 2.287 0.241
1248444635.367 13 2.247 0.268
1248444635.601 13 2.230 0.264
1248444635.835 13 2.230 0.254
1248444636.290 13 2.141 0.330
1248444636.755 13 1.994 0.473
1248444636.987 6 4.298 -0.220
1248444637.909 7 4.432 0.145
1248444637.909 8 4.364 0.184
1248444638.368 6 4.173 0.230
1248444638.368 7 4.256 0.266
1248444638.833 7 4.133 0.352
1248444639.065 6 3.998 0.369
1248444639.066 7 4.055 0.403
1248444639.302 6 3.890 0.412
1248444639.302 7 3.916 0.450
1248444639.773 6 3.838 0.421
1248444639.773 7 3.890 0.449
1248444640.011 6 3.838 0.422
1248444640.011 7 3.890 0.449
1248444640.481 6 3.787 0.413
1248444640.482 7 3.838 0.449
1248444640.717 6 3.787 0.428
1248444640.955 6 3.746 0.422
1248444640.955 7 3.797 0.455
1248444641.194 6 3.738 0.424
1248444641.194 7 3.838 0.448
1248444642.136 6 3.738 0.423
1248444642.369 7 3.738 0.466
1248444643.408 6 3.601 0.440
1248444643.408 7 3.661 0.472
1248444643.641 6 3.613 0.442
1248444643.641 7 3.643 0.474
1248444644.107 7 3.616 0.476
1248444644.342 6 3.545 0.449
1248444644.343 7 3.620 0.476
1248444645.576 6 3.510 0.448
1248444646.291 6 3.714 0.249
1248444646.532 7 3.838 0.211
1248444646.773 7 3.890 0.136
1248444647.246 6 3.720 -0.094
1248444647.246 7 3.890 -0.056
1248444647.246 8 3.890 -0.010
1248444648.193 12 1.736 0.456
1248444648.437 3 1.130 0.211
1248444648.671 9 3.738 -0.024
1248444648.671 12 1.825 0.306
1248444648.671 13 1.816 0.438
1248444648.906 12 1.854 0.211
1248444648.906 13 1.881 0.342
1248444649.146 3 1.141 -0.011
1248444649.146 12 1.856 0.194
1248444649.146 13 1.870 0.342
1248444649.617 3 1.119 -0.052
1248444649.617 12 1.815 0.187
1248444649.617 13 1.844 0.323
1248444649.868 3 1.106 -0.089
1248444649.868 12 1.817 0.154
1248444649.868 11 2.019 0.192
1248444649.868 13 1.852 0.291
1248444650.104 12 1.814 0.125
1248444650.105 13 1.862 0.260
1248444650.585 12 1.782 0.088
1248444650.585 11 2.005 0.113
1248444650.586 13 1.840 0.228
1248444650.825 12 1.764 0.063
1248444650.826 11 1.983 0.102
1248444650.826 13 1.830 0.207
1248444651.087 11 1.971 0.093
1248444651.087 13 1.820 0.199
1248444651.328 12 1.766 0.047
1248444651.328 13 1.836 0.195
1248444651.568 12 1.744 0.047
1248444651.568 11 1.964 0.088
1248444651.568 13 1.812 0.193
1248444651.807 12 1.739 0.056
1248444651.807 11 1.959 0.097
1248444651.807 13 1.806 0.203
1248444652.284 12 1.697 0.064
1248444652.284 11 1.917 0.104
1248444652.284 13 1.762 0.213
1248444652.522 12 1.689 0.060
1248444652.522 11 1.908 0.102
1248444652.522 13 1.754 0.211
1248444652.752 12 1.666 0.080
1248444652.752 13 1.728 0.233
1248444653.324 13 1.731 0.099
1248444653.557 13 1.725 -0.015
1248444653.789 13 1.696 -0.132
1248444654.015 13 1.674 -0.179
1248444654.249 13 1.657 -0.227
1248444654.478 12 1.396 -0.489
1248444654.478 13 1.586 -0.316
1248444654.717 12 1.353 -0.539
1248444654.717 11 1.588 -0.494
1248444654.717 13 1.553 -0.365
1248444654.960 12 1.328 -0.570
1248444654.960 11 1.547 -0.541
1248444654.960 13 1.527 -0.407
1248444655.682 11 1.486 -0.575
1248444655.682 13 1.450 -0.457
1248444655.960 11 1.475 -0.575
1248444655.960 13 1.440 -0.457
1248444656.203 13 1.418 -0.463
1248444656.686 13 1.392 -0.468
1248444656.930 13 1.376 -0.475
1248444657.173 13 1.369 -0.472
1248444657.657 13 1.325 -0.491
1248444658.379 13 1.300 -0.500
1248444658.861 13 1.250 -0.539
1248444659.587 13 1.215 -0.527
1248444659.824 13 1.195 -0.538
1248444660.054 13 1.191 -0.537
1248444660.284 13 1.172 -0.543
1248444660.521 13 1.156 -0.546
1248444660.762 13 1.145 -0.549
1248444660.995 13 1.140 -0.545
1248444661.469 13 1.123 -0.544
1248444688.520 17 4.974 0.360
1248444688.756 17 5.062 0.309
1248444688.989 18 5.154 0.205
1248444688.989 17 5.154 0.234
1248444689.460 16 5.250 0.164
1248444689.694 16 5.349 0.094
1248444690.628 17 5.202 -0.177
1248444690.859 17 5.062 -0.244
1248444692.012 2 2.335 0.012
1248444692.242 2 2.317 -0.031
1248444692.923 2 2.264 -0.192
1248444694.177 2 2.075 -0.423
1248444700.321 2 1.855 -0.335
1248444701.003 2 1.891 -0.142
1248444701.235 2 1.884 -0.137
1248444701.690 2 1.858 -0.019
1248444702.153 2 1.834 0.032
1248444702.844 2 1.761 0.112
1248444703.137 5 4.224 -0.165
1248444703.137 2 1.748 0.135
1248444703.367 2 1.712 0.176
1248444703.597 2 1.689 0.197
1248444703.829 2 1.667 0.214
1248444705.269 2 1.541 0.302
1248444705.740 5 4.113 -0.117
1248444705.977 2 1.468 0.348
1248444706.440 5 4.113 -0.127
1248444706.440 2 1.424 0.375
1248444706.664 5 4.113 -0.121
1248444706.898 5 4.143 -0.110
1248444707.368 5 4.103 -0.105
1248444707.605 5 4.113 -0.116
1248444707.605 2 1.304 0.476
1248444708.076 19 4.974 -0.499
1248444708.076 5 4.084 -0.114
1248444708.312 19 4.974 -0.508
1248444708.312 20 5.062 -0.469
1248444708.312 14 3.468 -0.417
1248444708.312 5 4.089 -0.124
1248444709.491 19 4.888 -0.506
1248444710.726 5 4.055 -0.131
1248444710.962 19 4.805 -0.500
1248444710.962 5 4.055 -0.126
1248444713.185 5 3.998 -0.144
1248444713.869 5 3.998 -0.139
1248444714.095 5 3.989 -0.151
1248444714.997 5 3.998 -0.143
1248444715.225 5 3.943 -0.146
1248444715.453 5 3.990 -0.152
1248444716.365 5 3.943 -0.165
1248444716.594 5 3.932 -0.157
1248444716.823 5 3.943 -0.166
1248444717.279 5 3.934 -0.171
1248444717.505 5 3.943 -0.171
1248444717.960 5 3.932 -0.178
1248444718.872 5 3.875 -0.178
1248444719.331 5 3.838 -0.181
1248444719.781 5 3.838 -0.195
1248444720.009 5 3.830 -0.200
1248444720.238 5 3.787 -0.196
1248444720.468 5 3.829 -0.191
1248444721.610 5 3.738 -0.219
1248444722.068 5 3.731 -0.227
1248444722.296 5 3.738 -0.213
1248444722.522 5 3.730 -0.209
1248444722.749 5 3.698 -0.203
1248444723.534 5 3.690 -0.203
1248444723.764 5 3.683 -0.205
1248444725.369 5 3.598 -0.230
1248444725.826 5 3.598 -0.230
1248444726.051 5 3.516 -0.230
1248444726.280 14 2.335 -0.421
1248444726.280 5 3.539 -0.232
1248444726.510 5 3.510 -0.252
1248444726.740 5 3.500 -0.256
1248444727.429 5 3.441 -0.260
1248444727.660 5 3.419 -0.271
1248444728.782 5 3.387 -0.260
1248444730.850 5 3.175 -0.317
1248444761.329 7 6.034 0.169
1248444761.329 2 4.805 0.478
1248444761.565 2 4.805 0.471
1248444761.800 6 5.787 0.128
1248444762.270 7 5.908 0.140
1248444762.504 7 6.034 0.143
1248444762.972 8 5.908 0.174
1248444763.302 6 5.787 0.125
1248444763.533 7 5.908 0.143
1248444763.760 8 5.787 0.181
1248444763.988 7 5.908 0.140
1248444764.455 7 5.908 0.137
1248444764.685 7 5.787 0.139
1248444765.635 7 5.787 0.136
1248444765.635 8 5.787 0.171
1248444765.868 9 5.559 0.466
1248444766.805 7 5.787 0.131
1248444766.805 9 5.452 0.471
1248444767.260 8 5.728 0.149
1248444767.491 9 5.452 0.454
1248444767.958 7 5.671 0.095
1248444767.958 10 5.349 0.474
1248444768.426 6 5.550 0.079
1248444768.426 10 5.349 0.478
1248444768.660 8 5.671 0.132
1248444768.893 8 5.671 0.133
1248444769.130 6 5.452 0.082
1248444769.130 8 5.559 0.135
1248444769.130 9 5.394 0.452
1248444769.602 6 5.452 0.085
1248444769.603 8 5.559 0.137
1248444769.841 6 5.452 0.080
1248444769.844 7 5.559 0.099
1248444769.844 8 5.559 0.137
1248444769.845 9 5.452 0.447
1248444770.081 6 5.452 0.088
1248444770.081 7 5.559 0.099
1248444770.793 6 5.349 0.083
1248444770.793 8 5.559 0.133
1248444771.510 6 5.336 0.083
1248444771.510 8 5.452 0.137
1248444771.746 7 5.452 0.102
1248444771.746 9 5.250 0.461
1248444771.973 6 5.349 0.086
1248444772.891 8 5.452 0.134
1248444773.232 7 5.452 0.102
1248444773.232 9 5.250 0.464
1248444773.700 8 5.349 0.134
1248444773.938 6 5.154 0.089
1248444773.938 7 5.349 0.108
1248444773.939 8 5.349 0.143
1248444773.939 9 5.154 0.469
1248444774.175 6 5.202 0.096
1248444774.175 7 5.349 0.109
1248444774.175 8 5.349 0.146
1248444774.882 6 5.133 0.076
1248444774.882 7 5.324 0.096
1248444774.882 8 5.250 0.131
1248444775.830 6 5.007 0.082
1248444775.830 7 5.211 0.102
1248444775.830 8 5.250 0.141
1248444775.831 9 4.974 0.474
1248444776.301 6 5.062 0.072
1248444776.301 7 5.250 0.093
1248444776.538 6 5.053 0.077
1248444776.538 7 5.154 0.096
1248444776.538 8 5.154 0.131
1248444776.775 6 5.007 0.086
1248444776.775 7 5.226 0.105
1248444777.014 6 4.974 0.089
1248444777.014 7 5.081 0.105
1248444777.015 8 5.144 0.143
1248444777.250 6 4.974 0.082
1248444777.250 7 5.062 0.103
1248444777.250 8 5.144 0.137
1248444777.741 6 4.888 0.067
1248444777.741 9 4.888 0.471
1248444778.215 6 4.888 0.066
1248444778.215 9 4.931 0.466
1248444778.449 6 4.888 0.075
1248444778.683 7 5.062 0.101
1248444778.683 8 5.062 0.127
1248444778.912 8 5.062 0.130
1248444779.143 6 4.805 0.068
1248444779.143 7 4.974 0.088
1248444779.143 8 5.062 0.123
1248444779.411 7 4.974 0.079
1248444779.645 7 5.032 0.075
1248444779.645 8 4.974 0.112
1248444780.110 7 4.974 0.085
1248444780.343 7 4.888 0.085
1248444780.574 8 4.888 0.122
1248444780.574 9 4.726 0.475
1248444780.808 7 4.888 0.077
1248444780.808 8 4.888 0.119
1248444781.041 8 4.888 0.101
1248444781.510 7 4.835 0.082
1248444781.510 8 4.871 0.118
1248444782.935 6 4.574 0.055
1248444782.936 7 4.726 0.069
1248444782.936 8 4.726 0.107
1248444782.936 9 4.649 0.474
1248444783.179 7 4.726 0.060
1248444783.415 7 4.708 0.063
1248444783.415 8 4.726 0.100
1248444783.650 7 4.654 0.072
1248444783.650 8 4.710 0.109
1248444783.884 7 4.649 0.068
1248444783.884 8 4.649 0.102
1248444784.353 7 4.614 0.054
1248444784.353 8 4.598 0.086
1248444784.589 6 4.432 0.027
1248444784.589 8 4.574 0.084
1248444785.751 7 4.518 0.048
1248444785.986 7 4.502 0.048
1248444786.453 7 4.432 0.053
1248444786.453 8 4.502 0.085
1248444786.918 7 4.432 0.042
1248444787.152 7 4.381 0.035
1248444787.618 7 4.422 0.037
1248444788.321 7 4.331 0.037
1248444788.553 7 4.364 0.039
1248444788.786 6 4.143 0.005
1248444789.488 6 4.113 0.004
1248444789.488 7 4.298 0.033
1248444790.206 7 4.235 0.018
1248444790.447 7 4.182 0.017
1248444790.685 8 4.173 0.063
1248444790.941 6 3.992 -0.011
1248444790.942 7 4.173 0.016
1248444791.179 6 3.943 -0.003
1248444791.179 8 4.173 0.054
1248444791.414 6 3.940 -0.010
1248444791.415 7 4.113 0.016
1248444791.415 8 4.113 0.063
1248444791.649 6 3.906 -0.018
1248444791.649 7 4.081 0.006
1248444791.880 6 3.890 -0.011
1248444791.880 7 4.059 0.012
1248444791.880 8 4.055 0.056
1248444792.352 6 3.859 -0.014
1248444792.352 7 4.049 0.012
1248444792.816 7 3.998 0.015
1248444793.391 7 3.943 0.001
1248444793.852 7 3.943 -0.003
1248444794.083 6 3.727 -0.028
1248444794.083 7 3.904 -0.002
1248444794.542 6 3.690 -0.031
1248444795.271 7 3.838 -0.014
1248444796.189 7 3.738 -0.027
1248444797.113 8 3.738 0.019
1248444797.576 7 3.622 -0.033
1248444797.576 8 3.690 0.014
1248444798.506 7 3.598 -0.046
1248444798.739 7 3.527 -0.049
1248444798.739 9 3.690 0.476
1248444801.063 6 3.212 -0.103
1248444801.527 7 3.330 -0.071
1248444801.527 8 3.387 -0.023
1248444801.758 7 3.315 -0.070
1248444801.758 8 3.367 -0.012
1248444802.222 7 3.279 -0.079
1248444802.222 8 3.322 -0.018
1248444802.687 7 3.272 -0.079
1248444802.921 7 3.238 -0.085
1248444802.921 8 3.272 -0.033
1248444803.258 7 3.233 -0.095
1248444803.258 9 3.510 0.471
1248444803.490 7 3.185 -0.096
1248444803.490 8 3.236 -0.049
1248444803.720 7 3.172 -0.094
1248444803.720 8 3.236 -0.045
1248444804.181 7 3.158 -0.102
1248444805.560 7 3.039 -0.122
1248444806.011 7 3.002 -0.130
1248444806.234 7 2.978 -0.136
1248444807.814 7 2.887 -0.168
1248444808.502 7 2.871 -0.155
1248444808.503 8 2.912 -0.101
1248444808.734 8 2.883 -0.102
1248444808.963 7 2.826 -0.159
1248444808.963 9 3.165 0.471
1248444809.194 6 2.618 -0.202
1248444809.194 9 3.141 0.472
1248444809.424 7 2.805 -0.164
1248444809.424 8 2.862 -0.100
1248444809.883 7 2.772 -0.160
1248444809.883 8 2.800 -0.094
1248444810.576 7 2.710 -0.179
1248444811.954 9 3.002 0.465
1248444813.447 7 2.471 -0.236
1248444813.678 7 2.454 -0.240
1248444813.907 7 2.451 -0.241
1248444814.829 7 2.372 -0.252
1248444815.520 7 2.326 -0.271
1248444815.751 9 2.787 0.473
1248444817.143 6 1.989 -0.365
1248444817.143 8 2.238 -0.237
1248444818.983 7 2.033 -0.359
1248444818.983 9 2.602 0.475
1248444820.366 8 1.988 -0.308
1248444820.827 8 1.958 -0.320
1248444821.519 9 2.490 0.449
1248444822.674 9 2.416 0.449
1248444822.905 8 1.778 -0.387
1248444822.905 9 2.412 0.441
1248444824.139 10 2.615 0.096
1248444824.599 10 2.571 -0.109
1248444825.076 10 2.461 -0.300
1248444825.076 11 1.895 0.454
1248444825.312 12 1.725 0.467
1248444825.546 10 2.291 -0.467
1248444825.546 12 1.781 0.395
1248444825.780 12 1.836 0.290
1248444826.014 12 1.866 0.220
1248444826.248 12 1.871 0.100
1248444826.483 12 1.868 0.022
1248444826.717 12 1.846 -0.065
1248444826.951 12 1.810 -0.167
1248444827.186 12 1.761 -0.258
1248444827.420 12 1.708 -0.343
1248444827.654 12 1.608 -0.471
1248444828.124 2 2.971 0.027
1248444828.359 2 2.953 0.002
1248444828.594 2 2.929 -0.051
1248444829.995 5 3.510 -0.124
1248444829.995 20 7.100 0.174
1248444830.697 5 3.407 -0.163
1248444830.697 20 7.100 0.147
1248444830.934 5 3.387 -0.164
1248444830.935 20 6.925 0.152
1248444831.638 3 2.416 0.069
1248444832.112 3 2.376 0.079
1248444832.817 4 5.559 -0.107
1248444832.818 3 2.317 0.077
1248444833.149 3 2.278 0.082
1248444833.398 5 3.065 -0.195
1248444833.398 20 6.758 0.158
1248444833.635 4 5.452 -0.112
1248444834.338 17 6.600 -0.151
1248444834.338 3 2.144 0.085
1248444834.573 4 5.452 -0.109
1248444834.809 4 5.523 -0.097
1248444834.809 20 6.758 0.167
1248444835.281 16 6.498 -0.128
1248444835.281 20 6.622 0.162
1248444835.754 5 2.748 -0.213
1248444835.754 15 5.062 0.119
1248444836.690 4 5.452 -0.101
1248444836.924 4 5.349 -0.102
1248444836.924 3 1.794 0.082
1248444837.160 5 2.557 -0.242
1248444837.396 16 6.375 -0.127
1248444837.396 3 1.734 0.090
1248444837.633 17 6.375 -0.145
1248444837.633 4 5.299 -0.087
1248444837.868 4 5.349 -0.093
1248444839.045 16 6.448 -0.133
1248444839.045 3 1.595 0.096
1248444853.632 17 5.452 -0.399
1248444853.632 20 5.826 -0.021
1248444853.867 19 5.908 -0.046
1248444854.331 19 5.908 0.029
1248444854.568 15 4.133 -0.006
1248444854.568 20 5.787 0.095
1248444855.067 2 2.748 -0.510
1248444855.068 4 4.833 -0.282
1248444855.068 18 5.559 -0.274
1248444855.068 14 4.040 -0.008
1248444855.068 15 4.113 0.041
1248444855.068 19 5.787 0.110
1248444855.312 4 4.888 -0.265
1248444855.312 20 5.671 0.159
1248444855.563 15 4.055 0.075
1248444855.802 2 2.800 -0.457
1248444855.802 4 4.822 -0.252
1248444855.802 18 5.559 -0.232
1248444855.802 16 5.559 -0.170
1248444855.802 14 3.973 0.035
1248444855.802 15 4.005 0.078
1248444855.802 19 5.687 0.151
1248444856.042 2 2.808 -0.448
1248444856.042 4 4.888 -0.248
1248444856.042 18 5.587 -0.225
1248444856.042 16 5.671 -0.166
1248444856.042 14 3.968 0.040
1248444856.042 19 5.787 0.155
1248444856.043 20 5.559 0.186
1248444856.770 4 4.805 -0.250
1248444856.770 19 5.671 0.169
1248444857.020 18 5.541 -0.220
1248444857.020 19 5.671 0.167
1248444857.526 2 2.796 -0.418
1248444857.526 4 4.765 -0.259
1248444857.526 18 5.452 -0.222
1248444857.526 14 3.838 0.052
1248444857.526 15 3.890 0.098
1248444857.526 19 5.671 0.165
1248444857.526 20 5.487 0.200
1248444857.773 2 2.784 -0.423
1248444857.774 4 4.765 -0.269
1248444857.774 18 5.452 -0.228
1248444857.774 14 3.838 0.047
1248444857.774 15 3.890 0.091
1248444857.774 19 5.559 0.172
1248444857.774 20 5.452 0.194
1248444858.015 2 2.783 -0.412
1248444858.015 4 4.726 -0.265
1248444858.015 18 5.400 -0.218
1248444858.015 14 3.804 0.056
1248444858.015 15 3.871 0.101
1248444858.015 19 5.559 0.175
1248444858.016 20 5.452 0.204
1248444858.495 4 4.726 -0.261
1248444858.496 18 5.452 -0.211
1248444858.496 17 5.452 -0.183
1248444858.496 16 5.452 -0.144
1248444858.496 14 3.812 0.064
1248444858.496 19 5.559 0.181
1248444858.496 20 5.452 0.209
1248444858.753 18 5.363 -0.219
1248444858.753 20 5.349 0.207
1248444859.006 2 2.800 -0.401
1248444859.006 4 4.726 -0.277
1248444859.006 14 3.787 0.061
1248444859.006 19 5.559 0.171
1248444859.249 2 2.800 -0.394
1248444859.249 18 5.349 -0.215
1248444859.249 14 3.738 0.070
1248444859.249 19 5.559 0.178
1248444859.488 18 5.371 -0.208
1248444859.489 17 5.452 -0.180
1248444859.489 19 5.452 0.190
1248444859.489 20 5.349 0.218
1248444859.729 2 2.797 -0.368
1248444859.729 4 4.630 -0.259
1248444859.729 18 5.349 -0.201
1248444859.729 17 5.349 -0.171
1248444859.729 14 3.686 0.080
1248444859.729 15 3.738 0.121
1248444859.729 19 5.452 0.198
1248444859.730 20 5.349 0.226
1248444859.969 2 2.785 -0.372
1248444859.969 4 4.574 -0.271
1248444859.969 18 5.276 -0.210
1248444859.969 17 5.349 -0.178
1248444859.969 16 5.349 -0.135
1248444859.969 14 3.654 0.072
1248444859.969 15 3.695 0.117
1248444859.969 20 5.349 0.222
1248444860.211 2 2.800 -0.374
1248444860.211 4 4.649 -0.270
1248444860.211 14 3.690 0.067
1248444860.451 2 2.770 -0.372
1248444860.452 4 4.537 -0.277
1248444860.452 18 5.274 -0.213
1248444860.452 17 5.338 -0.183
1248444860.452 14 3.633 0.067
1248444860.452 15 3.659 0.117
1248444860.452 19 5.366 0.188
1248444860.452 20 5.250 0.216
1248444860.691 2 2.790 -0.360
1248444860.691 4 4.574 -0.266
1248444860.691 18 5.250 -0.210
1248444860.691 17 5.332 -0.177
1248444860.691 14 3.616 0.078
1248444860.691 15 3.654 0.126
1248444860.691 19 5.349 0.199
1248444860.691 20 5.250 0.228
1248444860.932 2 2.774 -0.362
1248444860.932 18 5.250 -0.213
1248444860.932 17 5.250 -0.179
1248444860.932 14 3.598 0.069
1248444861.411 2 2.755 -0.366
1248444861.411 18 5.181 -0.220
1248444861.411 17 5.250 -0.182
1248444861.411 14 3.554 0.067
1248444861.411 15 3.598 0.114
1248444861.411 19 5.349 0.190
1248444861.412 20 5.250 0.217
1248444862.847 2 2.744 -0.341
1248444862.848 4 4.432 -0.273
1248444862.848 18 5.146 -0.205
1248444862.848 17 5.154 -0.170
1248444862.848 14 3.462 0.089
1248444862.848 15 3.480 0.144
1248444862.848 19 5.154 0.214
1248444862.848 20 5.062 0.244
1248444863.119 15 3.468 0.144
1248444863.391 4 4.364 -0.284
1248444863.391 20 5.062 0.240
1248444863.650 4 4.364 -0.296
1248444863.650 20 5.062 0.237
1248444863.891 14 3.348 0.093
1248444863.891 19 5.154 0.205
1248444864.127 4 4.364 -0.291
1248444864.127 14 3.387 0.087
1248444864.363 4 4.364 -0.288
1248444864.363 14 3.357 0.094
1248444864.598 4 4.298 -0.289
1248444864.598 19 5.062 0.220
1248444864.598 20 4.974 0.247
1248444865.067 18 4.974 -0.211
1248444865.067 14 3.286 0.094
1248444865.759 14 3.236 0.094
1248444865.995 18 4.888 -0.216
1248444865.995 20 4.888 0.241
1248444866.232 18 4.888 -0.230
1248444866.232 20 4.805 0.243
1248444866.469 18 4.888 -0.219
1248444866.469 20 4.888 0.239
1248444866.939 16 4.888 -0.139
1248444867.175 18 4.805 -0.211
1248444867.175 20 4.765 0.265
1248444868.355 18 4.765 -0.200
1248444868.355 20 4.649 0.278
1248444868.828 4 3.998 -0.313
1248444868.828 20 4.726 0.263
1248444869.065 2 2.716 -0.343
1248444869.066 20 4.574 0.273
1248444869.302 18 4.687 -0.208
1248444869.302 20 4.602 0.279
1248444869.537 17 4.726 -0.169
1248444869.537 20 4.649 0.283
1248444869.768 18 4.627 -0.216
1248444869.768 20 4.502 0.281
1248444870.461 18 4.649 -0.215
1248444870.461 19 4.649 0.246
1248444870.696 18 4.638 -0.219
1248444870.697 20 4.574 0.280
1248444870.929 18 4.630 -0.215
1248444870.929 20 4.525 0.282
1248444871.163 16 4.649 -0.139
1248444871.163 14 2.902 0.116
1248444872.577 14 2.792 0.128
1248444872.815 4 3.738 -0.346
1248444872.815 20 4.432 0.293
1248444873.428 17 4.502 -0.165
1248444873.428 15 2.800 0.191
1248444873.665 2 2.715 -0.282
1248444873.665 20 4.298 0.313
1248444873.902 2 2.722 -0.284
1248444873.902 15 2.748 0.201
1248444874.139 18 4.364 -0.210
1248444874.139 14 2.672 0.140
1248444874.376 2 2.693 -0.274
1248444874.376 14 2.649 0.146
1248444874.849 2 2.684 -0.266
1248444874.849 20 4.203 0.320
1248444875.083 16 4.331 -0.129
1248444875.083 20 4.183 0.314
1248444875.554 2 2.677 -0.258
1248444875.554 19 4.298 0.283
1248444875.790 16 4.294 -0.124
1248444875.790 19 4.235 0.289
1248444876.025 17 4.298 -0.163
1248444876.025 19 4.235 0.291
1248444876.260 2 2.649 -0.248
1248444876.261 20 4.091 0.327
1248444876.496 2 2.649 -0.242
1248444876.496 20 4.113 0.322
1248444876.726 2 2.647 -0.239
1248444876.726 20 4.055 0.333
1248444876.958 2 2.646 -0.227
1248444876.958 20 4.055 0.337
1248444877.193 17 4.247 -0.158
1248444877.193 14 2.455 0.163
1248444877.902 4 3.309 -0.372
1248444877.902 20 3.998 0.340
1248444878.139 2 2.647 -0.198
1248444878.139 20 3.998 0.346
1248444878.612 17 4.113 -0.166
1248444878.612 19 4.113 0.300
1248444878.853 4 3.200 -0.383
1248444878.853 15 2.372 0.246
1248444879.090 2 2.649 -0.190
1248444879.327 2 2.619 -0.183
1248444879.327 19 3.998 0.320
1248444879.797 18 4.173 -0.217
1248444879.797 20 3.849 0.353
1248444880.031 18 4.113 -0.210
1248444880.031 19 3.943 0.312
1248444880.970 18 3.943 -0.205
1248444880.970 20 3.749 0.375
1248444881.207 2 2.521 -0.155
1248444881.207 14 2.156 0.198
1248444881.443 18 3.890 -0.213
1248444881.443 20 3.738 0.368
1248444881.677 4 2.831 -0.425
1248444881.677 19 3.838 0.330
1248444881.912 2 2.492 -0.149
1248444882.150 2 2.471 -0.135
1248444882.619 16 3.838 -0.111
1248444882.619 20 3.643 0.390
1248444883.209 2 2.409 -0.108
1248444883.209 19 3.696 0.351
1248444883.679 17 3.777 -0.163
1248444883.679 14 1.989 0.214
1248444884.386 17 3.738 -0.147
1248444884.386 14 1.920 0.245
1248444884.621 18 3.690 -0.206
1248444884.621 19 3.598 0.364
1248444884.892 16 3.690 -0.114
1248444884.892 2 2.353 -0.071
1248444885.136 2 2.335 -0.067
1248444885.136 14 1.858 0.236
1248444885.373 18 3.643 -0.213
1248444885.373 19 3.554 0.364
1248444886.084 18 3.576 -0.201
1248444886.084 19 3.510 0.382
1248444886.327 18 3.583 -0.201
1248444886.328 19 3.443 0.391
1248444886.328 20 3.322 0.434
1248444886.568 18 3.567 -0.208
1248444886.568 20 3.309 0.437
1248444887.043 16 3.510 -0.114
1248444887.043 20 3.272 0.438
1248444887.280 18 3.496 -0.207
1248444887.280 15 1.749 0.367
1248444887.280 20 3.272 0.435
1248444887.516 18 3.510 -0.197
1248444887.516 20 3.236 0.446
1248444887.754 18 3.468 -0.205
1248444887.755 20 3.227 0.448
1248444887.990 2 2.264 0.027
1248444888.226 18 3.468 -0.203
1248444888.226 14 1.641 0.283
1248444888.464 2 2.234 0.038
1248444888.465 20 3.150 0.457
1248444888.700 18 3.427 -0.206
1248444888.700 14 1.630 0.276
1248444888.935 16 3.390 -0.107
1248444889.165 18 3.387 -0.197
1248444889.165 20 3.131 0.466
1248444889.394 18 3.362 -0.197
1248444889.395 20 3.076 0.472
1248444889.629 17 3.344 -0.158
1248444889.629 20 3.065 0.469
1248444889.869 17 3.326 -0.165
1248444889.869 20 3.065 0.471
1248444890.104 16 3.294 -0.117
1248444890.104 20 3.065 0.468
1248444890.346 14 1.475 0.324
1248444890.346 15 1.526 0.419
1248444890.839 2 2.150 0.115
1248444891.083 17 3.248 -0.151
1248444891.083 16 3.236 -0.094
1248444891.083 2 2.122 0.128
1248444891.323 18 3.248 -0.195
1248444891.323 17 3.256 -0.145
1248444891.323 16 3.219 -0.089
1248444891.323 2 2.112 0.146
1248444891.564 17 3.263 -0.148
1248444891.564 16 3.236 -0.081
1248444891.564 2 2.130 0.149
1248444891.564 14 1.409 0.358
1248444891.798 2 2.119 0.209
1248444891.798 14 1.400 0.388
1248444892.026 14 1.347 0.456
1248444892.254 17 3.239 0.053
1248444892.254 16 3.200 0.107
1248444892.726 18 3.309 0.034
1248444892.726 2 1.980 0.404
1248444892.957 16 3.165 0.147
1248444893.735 18 3.200 0.174
1248444893.735 16 3.069 0.275
1248444894.196 17 3.042 0.334
1248444894.196 16 2.953 0.387
1248444894.429 4 1.593 -0.160
1248444894.429 16 2.886 0.427
1248444894.662 18 2.999 0.370
1248444894.662 16 2.807 0.471
1248444894.897 17 2.833 0.466
1248444895.602 4 1.511 -0.041
1248444895.842 4 1.468 -0.014
1248444896.079 4 1.447 -0.019
1248444896.318 4 1.422 -0.024
1248444896.787 4 1.360 -0.047
1248444897.014 18 2.827 0.430
1248444897.711 17 2.974 0.230
1248444897.711 16 2.886 0.287
1248444897.945 16 2.930 0.214
1248444898.409 16 2.963 0.051
1248444898.643 17 2.967 -0.061
1248444898.643 16 2.943 -0.002
1248444898.877 17 2.943 -0.130
1248444898.877 2 1.872 0.454
1248444899.111 2 1.902 0.414
1248444899.347 17 2.865 -0.227
1248444899.347 16 2.864 -0.166
1248444899.582 2 1.927 0.358
1248444899.815 17 2.775 -0.286
1248444899.815 14 1.138 0.413
1248444900.049 16 2.765 -0.225
1248444900.049 20 2.787 0.454
1248444900.977 16 2.706 -0.222
1248444901.209 16 2.704 -0.222
1248444901.443 17 2.669 -0.294
1248444901.443 16 2.676 -0.226
1248444901.672 16 2.683 -0.227
1248444901.907 18 2.625 -0.359
1248444901.907 16 2.658 -0.231
1248444902.142 16 2.622 -0.233
1248444902.142 19 2.766 0.404
1248444902.611 16 2.649 -0.162
1248444903.167 16 2.643 -0.040
1248444903.399 18 2.673 -0.069
1248444903.399 17 2.649 0.002
1248444903.632 17 2.658 0.041
1248444903.632 16 2.611 0.107
1248444904.567 17 2.603 0.145
1248444904.567 16 2.533 0.211
1248444904.800 17 2.579 0.151
1248444905.033 17 2.572 0.149
1248444905.033 16 2.496 0.216
1248444905.261 16 2.491 0.215
1248444905.490 17 2.549 0.151
1248444905.490 16 2.469 0.219
1248444905.719 16 2.455 0.217
1248444905.952 16 2.462 0.221
1248444906.415 17 2.486 0.148
1248444906.415 16 2.409 0.219
1248444906.874 17 2.470 0.152
1248444906.874 16 2.399 0.223
1248444907.108 17 2.434 0.153
1248444907.108 16 2.364 0.225
1248444907.344 17 2.458 0.155
1248444907.344 16 2.387 0.230
1248444907.817 17 2.408 0.157
1248444907.817 16 2.339 0.230
1248444908.053 18 2.463 0.085
1248444908.053 16 2.337 0.232
1248444908.289 17 2.411 0.147
1248444908.526 17 2.361 0.162
1248444908.526 16 2.283 0.237
1248444908.763 17 2.352 0.163
1248444908.763 16 2.280 0.236
1248444909.236 17 2.317 0.177
1248444909.236 16 2.247 0.247
1248444909.473 17 2.305 0.161
1248444909.473 16 2.231 0.236
1248444909.710 17 2.294 0.165
1248444909.710 16 2.217 0.242
1248444909.947 17 2.271 0.170
1248444909.947 16 2.200 0.246
1248444910.421 17 2.233 0.170
1248444910.421 16 2.163 0.248
1248444910.658 17 2.231 0.170
1248444910.658 16 2.161 0.248
1248444910.896 16 2.145 0.248
1248444911.135 18 2.233 0.088
1248444911.372 17 2.171 0.181
1248444911.372 16 2.099 0.259
1248444911.845 17 2.138 0.181
1248444911.845 16 2.072 0.262
1248444912.083 17 2.123 0.184
1248444912.083 16 2.054 0.265
1248444912.318 16 2.061 0.251
1248444912.556 18 2.116 0.101
1248444912.556 16 2.008 0.268
1248444912.790 17 2.079 0.190
1248444912.790 16 2.012 0.266
1248444913.028 17 2.041 0.201
1248444913.028 16 1.966 0.287
1248444913.351 17 2.075 0.190
1248444913.589 17 2.002 0.212
1248444913.589 16 1.928 0.298
1248444913.824 17 1.980 0.201
1248444913.824 16 1.902 0.290
1248444914.060 17 1.971 0.209
1248444914.060 16 1.895 0.298
1248444914.530 17 1.924 0.226
1248444914.530 16 1.858 0.305
1248444915.535 17 1.850 0.236
1248444915.535 16 1.771 0.329
1248444915.770 16 1.741 0.354
1248444916.006 17 1.836 0.243
1248444916.006 16 1.765 0.329
1248444916.242 17 1.795 0.246
1248444916.242 16 1.716 0.342
1248444916.479 17 1.783 0.244
1248444916.479 16 1.703 0.341
1248444916.714 17 1.762 0.259
1248444916.714 16 1.679 0.358
1248444916.951 17 1.737 0.267
1248444916.951 16 1.656 0.367
1248444917.189 18 1.795 0.158
1248444917.189 16 1.684 0.348
1248444917.424 17 1.724 0.255
1248444917.425 16 1.650 0.352
1248444917.662 16 1.618 0.370
1248444917.898 18 1.702 0.170
1248444917.898 17 1.671 0.271
1248444917.898 16 1.592 0.374
1248444918.137 18 1.700 0.174
1248444918.137 17 1.661 0.278
1248444918.137 16 1.583 0.381
1248444918.376 18 1.699 0.161
1248444918.614 18 1.652 0.190
1248444918.614 17 1.616 0.296
1248444918.615 16 1.532 0.402
1248444918.846 16 1.540 0.387
1248444919.076 18 1.667 0.185
1248444919.770 17 1.578 0.296
1248444919.770 16 1.497 0.404
1248444920.232 17 1.550 0.303
1248444920.232 16 1.475 0.407
1248444920.710 16 1.407 0.451
1248444920.947 16 1.392 0.455
1248444921.417 17 1.460 0.330
1248444921.417 16 1.369 0.449
1248444921.888 16 1.345 0.456
1248444922.350 18 1.480 0.220
1248444922.581 17 1.396 0.364
1248444922.581 16 1.317 0.468
1248444922.815 17 1.402 0.351
1248444923.183 17 1.385 0.347
1248444923.183 16 1.312 0.458
1248444923.419 17 1.359 0.354
1248444923.419 16 1.279 0.469
1248444923.653 16 1.273 0.474
1248444923.889 17 1.298 0.393
1248444924.597 17 1.271 0.397
1248444924.833 17 1.266 0.393
1248444925.070 17 1.257 0.395
1248444925.299 17 1.260 0.379
1248444925.528 17 1.212 0.409
1248444925.758 17 1.214 0.405
1248444925.991 17 1.166 0.445
1248444926.465 18 1.206 0.307
1248444926.700 18 1.157 0.384
1248444927.166 18 1.110 0.469
