1248272272.84 	3.57319464553 	-3.33277586524 	2.3414580214
1248272272.85 	3.57262760912 	-3.33219186539 	2.34397700262
1248272272.9 	3.56999178421 	-3.32949083427 	2.3556560297
1248272272.96 	3.56680163015 	-3.32629724281 	2.369625
1248272272.99 	3.56515789383 	-3.32469707638 	2.37672397685
1248272273.01 	3.56462399137 	-3.32418465738 	2.37902402949
1248272273.05 	3.56243022099 	-3.32208883348 	2.38845400405
1248272273.07 	3.56135049417 	-3.32107661521 	2.39303399968
1248272273.1 	3.55966975333 	-3.3195153619 	2.40013297653
1248272273.14 	3.55743222133 	-3.31746629775 	2.4095220058
1248272273.15 	3.55682677919 	-3.31692221509 	2.41204098701
1248272273.18 	3.55517183003 	-3.31544250773 	2.41885098052
1248272273.23 	3.552341342 	-3.31294621456 	2.43027500701
1248272273.25 	3.55116418851 	-3.31193171735 	2.4349789865
1248272273.29 	3.54885662756 	-3.30996185038 	2.44399901462
1248272273.39 	3.54312863679 	-3.30516074509 	2.46581497836
1248272273.43 	3.54079342881 	-3.30328860499 	2.47458900571
1248272273.44 	3.54016253341 	-3.30279184511 	2.47694298816
1248272273.46 	3.53901332045 	-3.30189134219 	2.48118298411
1248272273.51 	3.5366496183 	-3.30005530924 	2.48983401108
1248272273.54 	3.53490852997 	-3.29872688827 	2.49616400504
1248272273.55 	3.53426706463 	-3.29824385452 	2.4984629879
1248272273.56 	3.53368290254 	-3.29780607189 	2.50055298591
1248272273.59 	3.53186915784 	-3.2964527262 	2.50697001433
1248272273.62 	3.53010556242 	-3.2951543341 	2.51318000841
1248272273.66 	3.52768434667 	-3.29339486971 	2.52166698551
1248272273.67 	3.52709018444 	-3.29297075861 	2.52373698354
1248272273.71 	3.52465051515 	-3.29123694242 	2.53222400999
1248272273.73 	3.52345330236 	-3.29040131242 	2.53632400608
1248272273.75 	3.52235135539 	-3.28963887591 	2.53632400608
1248272273.77 	3.52119431501 	-3.28883832029 	2.53632400608
1248272273.78 	3.52064334152 	-3.28845710203 	2.53632400608
1248272273.87 	3.5156294736 	-3.28498800951 	2.53632400608
1248272273.88 	3.51507850011 	-3.28460679125 	2.53632400608
1248272273.97 	3.51006463219 	-3.28113769873 	2.53632400608
1248272274.0 	3.51006463219 	-3.28113769873 	2.53632400608
1248272274.01 	3.51006463219 	-3.28113769873 	2.53632400608
1248272274.02 	3.50951365871 	-3.28075648047 	2.53632400608
1248272274.04 	3.50890757868 	-3.28033713402 	2.53632400608
1248272274.09 	3.50615271124 	-3.27843104273 	2.53632400608
1248272274.13 	3.50389372389 	-3.27686805059 	2.53632400608
1248272274.19 	3.50058786984 	-3.27458073195 	2.53632400608
1248272274.23 	3.49832888248 	-3.27301773981 	2.53632400608
1248272274.26 	3.49667596202 	-3.27187408504 	2.53632400608
1248272274.29 	3.49496793502 	-3.27069230207 	2.53632400608
1248272274.34 	3.49221306759 	-3.26878621078 	2.53632400608
1248272274.37 	3.49050505372 	-3.2676044369 	2.53632400608
1248272274.4 	3.48885213326 	-3.26646078212 	2.53632400608
1248272274.45 	3.48609726583 	-3.26455469083 	2.53632400608
1248272274.46 	3.4854911858 	-3.26413534438 	2.53632400608
1248272274.5 	3.48328729185 	-3.26261047134 	2.53632400608
1248272274.51 	3.48273631837 	-3.26222925308 	2.53632400608
1248272274.55 	3.48047731788 	-3.26066625186 	2.53632400608
1248272274.58 	3.47882439742 	-3.25952259708 	2.53632400608
1248272274.6 	3.47772245044 	-3.25876016056 	2.53632400608
1248272274.61 	3.47711638355 	-3.25834082321 	2.53632400608
1248272274.66 	3.47436151612 	-3.25643473191 	2.53632400608
1248272274.73 	3.47044959517 	-3.25372807591 	2.53632400608
1248272274.75 	3.4693476482 	-3.25296563939 	2.53632400608
1248272274.76 	3.46879667471 	-3.25258442113 	2.53632400608
1248272274.8 	3.46653768736 	-3.251021429 	2.53632400608
1248272274.81 	3.46598671387 	-3.25064021074 	2.53632400608
1248272274.91 	3.46042187246 	-3.24678989996 	2.53632400608
1248272274.96 	3.45816287197 	-3.24522689873 	2.53632400608
1248272274.97 	3.45761189849 	-3.24484568047 	2.53632400608
1248272274.98 	3.457060925 	-3.24446446222 	2.53632400608
1248272275.01 	3.457060925 	-3.24446446222 	2.53632400608
1248272275.02 	3.45645485811 	-3.24404512486 	2.53632400608
1248272275.03 	3.45590388462 	-3.2436639066 	2.53632400608
1248272275.08 	3.45309391064 	-3.24171968711 	2.53632400608
1248272275.11 	3.45144099018 	-3.24057603234 	2.53632400608
1248272275.13 	3.45033904321 	-3.23981359582 	2.53632400608
1248272275.17 	3.44808005586 	-3.23825060368 	2.53632400608
1248272275.19 	3.44697810888 	-3.23748816717 	2.53632400608
1248272275.26 	3.44306618794 	-3.23478151116 	2.53632400608
1248272275.3 	3.44086229399 	-3.23325663813 	2.53632400608
1248272275.31 	3.44025621396 	-3.23283729168 	2.53632400608
1248272275.36 	3.43750134653 	-3.23093120038 	2.53632400608
1248272275.37 	3.43695037304 	-3.23054998213 	2.53632400608
1248272275.42 	3.4341404122 	-3.22860577173 	2.53632400608
1248272275.44 	3.43303846523 	-3.22784333521 	2.53632400608
1248272275.46 	3.43188141171 	-3.22704277051 	2.53632400608
1248272275.47 	3.43133043823 	-3.22666155225 	2.53632400608
1248272275.51 	3.42912654428 	-3.22513667921 	2.53632400608
1248272275.52 	3.42852047739 	-3.22471734185 	2.53632400608
1248272275.57 	3.42576560995 	-3.22281125056 	2.53632400608
1248272275.6 	3.42411267636 	-3.22166758669 	2.53632400608
1248272275.62 	3.42350660946 	-3.22124824933 	2.53632400608
1248272275.63 	3.42240466249 	-3.22048581281 	2.53632400608
1248272275.67 	3.42069664862 	-3.21930403894 	2.53632400608
1248272275.68 	3.420145662 	-3.21892281159 	2.53632400608
1248272275.71 	3.41849274154 	-3.21777915681 	2.53632400608
1248272275.74 	3.41678472767 	-3.21659738294 	2.53632400608
1248272275.81 	3.41292791327 	-3.21392885512 	2.53632400608
1248272275.83 	3.41177085975 	-3.21312829042 	2.53632400608
1248272275.85 	3.41066891278 	-3.2123658539 	2.53632400608
1248272275.91 	3.40730797845 	-3.21004042524 	2.53632400608
1248272275.93 	3.40620603148 	-3.20927798873 	2.53632400608
1248272275.96 	3.40455309789 	-3.20813432486 	2.53632400608
1248272276.0 	3.40229411053 	-3.20657133272 	2.53632400608
1248272276.01 	3.40229411053 	-3.20657133272 	2.53632400608
1248272276.02 	3.40174313705 	-3.20619011447 	2.53632400608
1248272276.04 	3.49612579893 	-3.26815363811 	2.53632947052
1248272276.07 	3.49331581433 	-3.26620943399 	2.53632947052
1248272276.12 	3.49056093648 	-3.26430335774 	2.53632947052
1248272276.13 	3.4899548673 	-3.2638840237 	2.53632947052
1248272276.2 	3.48609803831 	-3.26121551696 	2.53632947052
1248272276.25 	3.48328805371 	-3.25927131283 	2.53632947052
1248272276.26 	3.48273707814 	-3.25889009758 	2.53632947052
1248272276.31 	3.47992710668 	-3.25694590254 	2.53632947052
1248272276.35 	3.47772319126 	-3.25542103246 	2.53632947052
1248272276.38 	3.47601517094 	-3.25423926792 	2.53632947052
1248272276.4 	3.4749132198 	-3.25347683742 	2.53632947052
1248272276.43 	3.47326029309 	-3.25233319168 	2.53632947052
1248272276.46 	3.4721032352 	-3.25153263329 	2.53632947052
1248272276.47 	3.47155225963 	-3.25115141804 	2.53632947052
1248272276.52 	3.46879738178 	-3.2492453418 	2.53632947052
1248272276.53 	3.4681913126 	-3.24882600776 	2.53632947052
1248272276.58 	3.46543643475 	-3.24691993151 	2.53632947052
1248272276.61 	3.46372840129 	-3.24573815788 	2.53632947052
1248272276.65 	3.46152449901 	-3.24421329689 	2.53632947052
1248272276.66 	3.46097352344 	-3.24383208164 	2.53632947052
1248272276.69 	3.45926550312 	-3.2426503171 	2.53632947052
1248272276.72 	3.45761256327 	-3.24150666226 	2.53632947052
1248272276.76 	3.45540866099 	-3.23998180127 	2.53632947052
1248272276.78 	3.45425161624 	-3.23918125198 	2.53632947052
1248272276.8 	3.4531496651 	-3.23841882148 	2.53632947052
1248272276.83 	3.45149673839 	-3.23727517573 	2.53632947052
1248272276.88 	3.44868675379 	-3.2353309716 	2.53632947052
1248272276.92 	3.44648285151 	-3.23380611061 	2.53632947052
1248272276.99 	3.44257091577 	-3.23109947599 	2.53632947052
1248272277.01 	3.44257091577 	-3.23109947599 	2.53632947052
1248272277.02 	3.44257091577 	-3.23109947599 	2.53632947052
1248272277.03 	3.44257091577 	-3.23109947599 	2.53632947052
1248272277.04 	3.4420199402 	-3.23071826074 	2.53632947052
1248272277.07 	3.44036701349 	-3.22957461499 	2.53632947052
1248272277.1 	3.43865898003 	-3.22839284136 	2.53632947052
1248272277.14 	3.43645507775 	-3.22686798037 	2.53632947052
1248272277.15 	3.43590410219 	-3.22648676512 	2.53632947052
1248272277.18 	3.43419608186 	-3.22530500058 	2.53632947052
1248272277.2 	3.43309413072 	-3.22454257008 	2.53632947052
1248272277.21 	3.43254315515 	-3.22416135483 	2.53632947052
1248272277.26 	3.43028414612 	-3.22259836595 	2.53632947052
1248272277.3 	3.42808024384 	-3.22107350496 	2.53632947052
1248272277.33 	3.42637222352 	-3.21989174041 	2.53632947052
1248272277.42 	3.42135833664 	-3.21642267529 	2.53632947052
1248272277.45 	3.41970540993 	-3.21527902955 	2.53632947052
1248272277.46 	3.41915443436 	-3.2148978143 	2.53632947052
1248272277.51 	3.41634444976 	-3.21295361017 	2.53632947052
1248272277.58 	3.41243252716 	-3.21024698463 	2.53632947052
1248272277.63 	3.40962254256 	-3.20830278051 	2.53632947052
1248272277.64 	3.40907156699 	-3.20792156526 	2.53632947052
1248272277.69 	3.40631668914 	-3.20601548902 	2.53632947052
1248272277.72 	3.40460866882 	-3.20483372447 	2.53632947052
1248272277.73 	3.40405768011 	-3.20445250014 	2.53632947052
1248272277.74 	3.40350670454 	-3.20407128489 	2.53632947052
1248272277.77 	3.40347134701 	-3.20417645509 	2.53654341385
1248272277.77 	3.40176307389 	-3.20299505599 	2.53654341385
1248272277.79 	3.40066095966 	-3.20223286127 	2.53654341385
1248272277.82 	3.39900778831 	-3.20108956918 	2.53654341385
1248272277.84 	3.39785055917 	-3.20028925836 	2.53654341385
1248272277.87 	3.39619738783 	-3.19914596627 	2.53654341385
1248272277.89 	3.3950952736 	-3.19838377155 	2.53654341385
1248272277.92 	3.39338700048 	-3.19720237245 	2.53654341385
1248272277.96 	3.39118277202 	-3.195677983 	2.53654341385
1248272278.01 	3.39118277202 	-3.195677983 	2.53654341385
1248272278.02 	3.3906317149 	-3.19529688564 	2.53654341385
1248272278.03 	3.39008065779 	-3.19491578828 	2.53654341385
1248272278.07 	3.38782132756 	-3.19335329182 	2.53654341385
1248272278.09 	3.38671921333 	-3.1925910971 	2.53654341385
1248272278.14 	3.38390881284 	-3.19064749419 	2.53654341385
1248272278.2 	3.38060247015 	-3.18836091002 	2.53654341385
1248272278.22 	3.37944524101 	-3.1875605992 	2.53654341385
1248272278.23 	3.37889418389 	-3.18717950184 	2.53654341385
1248272278.24 	3.37834312678 	-3.18679840447 	2.53654341385
1248272278.29 	3.37553273943 	-3.18485481065 	2.53654341385
1248272278.34 	3.37277745386 	-3.18294932384 	2.53654341385
1248272278.39 	3.36996705337 	-3.18100572094 	2.53654341385
1248272278.42 	3.36831388202 	-3.17986242885 	2.53654341385
1248272278.46 	3.36605455179 	-3.17829993239 	2.53654341385
1248272278.48 	3.36495242442 	-3.17753772858 	2.53654341385
1248272278.49 	3.36440136731 	-3.17715663122 	2.53654341385
1248272278.52 	3.36269309419 	-3.17597523212 	2.53654341385
1248272278.55 	3.36103992285 	-3.17483194004 	2.53654341385
1248272278.58 	3.3593867515 	-3.17368864795 	2.53654341385
1248272278.6 	3.35822952236 	-3.17288833713 	2.53654341385
1248272278.63 	3.35657635101 	-3.17174504504 	2.53654341385
1248272278.66 	3.35492317967 	-3.17060175296 	2.53654341385
1248272278.71 	3.35211279232 	-3.16865815914 	2.53654341385
1248272278.72 	3.3515617352 	-3.16827706177 	2.53654341385
1248272278.76 	3.34985344895 	-3.16709565359 	2.53654341385
1248272278.79 	3.3482002776 	-3.16595236151 	2.53654341385
1248272278.83 	3.34594094737 	-3.16438986505 	2.53654341385
1248272278.84 	3.34538989026 	-3.16400876768 	2.53654341385
1248272278.88 	3.34318564866 	-3.16248436915 	2.53654341385
1248272278.9 	3.34202843266 	-3.16168406742 	2.53654341385
1248272278.92 	3.34092631843 	-3.16092187269 	2.53654341385
1248272278.95 	3.33927314708 	-3.15977858061 	2.53654341385
1248272278.96 	3.33872208996 	-3.15939748324 	2.53654341385
1248272278.97 	3.33901884373 	-3.15900682586 	2.53551770029
1248272278.99 	3.33731177016 	-3.15782366609 	2.53551770029
1248272279.01 	3.33621043831 	-3.15706034131 	2.53551770029
1248272279.05 	3.33395271194 	-3.15549552825 	2.53551770029
1248272279.07 	3.33285138008 	-3.15473220347 	2.53551770029
1248272279.1 	3.33114430651 	-3.1535490437 	2.53551770029
1248272279.12 	3.329987912 	-3.15274755541 	2.53551770029
1248272279.14 	3.32888658014 	-3.15198423064 	2.53551770029
1248272279.17 	3.32717950657 	-3.15080107086 	2.53551770029
1248272279.19 	3.32607817471 	-3.15003774609 	2.53551770029
1248272279.21 	3.32497684285 	-3.14927442131 	2.53551770029
1248272279.24 	3.32326978241 	-3.14809127064 	2.53551770029
1248272279.25 	3.32271911648 	-3.14770960825 	2.53551770029
1248272279.28 	3.3210671187 	-3.14656462108 	2.53551770029
1248272279.31 	3.31991071106 	-3.1457631237 	2.53551770029
1248272279.34 	3.31825871327 	-3.14461813653 	2.53551770029
1248272279.38 	3.3160009869 	-3.14305332347 	2.53551770029
1248272279.43 	3.31319258147 	-3.14110683892 	2.53551770029
1248272279.46 	3.31154058369 	-3.13996185176 	2.53551770029
1248272279.48 	3.31043925183 	-3.13919852698 	2.53551770029
1248272279.5 	3.30928285732 	-3.1383970387 	2.53551770029
1248272279.53 	3.3076308464 	-3.13725204243 	2.53551770029
1248272279.54 	3.30702511782 	-3.13683221653 	2.53551770029
1248272279.58 	3.3048224541 	-3.13530556698 	2.53551770029
1248272279.63 	3.30201404868 	-3.13335908243 	2.53551770029
1248272279.69 	3.29865499045 	-3.13103094459 	2.53551770029
1248272279.7 	3.29810432452 	-3.13064928221 	2.53551770029
1248272279.75 	3.29529591909 	-3.12870279766 	2.53551770029
1248272279.79 	3.29309325538 	-3.1271761481 	2.53551770029
1248272279.8 	3.29254258945 	-3.12679448571 	2.53551770029
1248272279.85 	3.28973419715 	-3.12484801026 	2.53551770029
1248272279.89 	3.28747645765 	-3.1232831881 	2.53551770029
1248272279.9 	3.28692579172 	-3.12290152571 	2.53551770029
1248272279.96 	3.28356673349 	-3.12057338788 	2.53551770029
1248272279.98 	3.28246540164 	-3.1198100631 	2.53551770029
1248272280.01 	3.281308994 	-3.11900856572 	2.53551770029
1248272280.04 	3.27965699621 	-3.11786357855 	2.53551770029
1248272280.05 	3.27905126763 	-3.11744375265 	2.53551770029
1248272280.08 	3.27739926984 	-3.11629876549 	2.53551770029
1248272280.11 	3.27574725892 	-3.11515376922 	2.53551770029
1248272280.16 	3.27293886663 	-3.11320729377 	2.53551770029
1248272280.2 	3.27068114026 	-3.11164248071 	2.53551770029
1248272280.23 	3.26902912934 	-3.11049748445 	2.53551770029
1248272280.27 	3.26677140297 	-3.10893267139 	2.53551770029
1248272280.28 	3.26622073704 	-3.108551009 	2.53551770029
1248272280.31 	3.26451366347 	-3.10736784922 	2.53551770029
1248272280.36 	3.26170527117 	-3.10542137377 	2.53551770029
1248272280.41 	3.25895194153 	-3.10351306183 	2.53551770029
1248272280.43 	3.25779553389 	-3.10271156445 	2.53551770029
1248272280.51 	3.2533351438 	-3.09962010183 	2.53551770029
1248272280.53 	3.25223381195 	-3.09885677706 	2.53551770029
1248272280.6 	3.24887474059 	-3.09652863012 	2.53551770029
1248272280.66 	3.24903196127 	-3.09613163 	2.5345796616
1248272280.66 	3.24517980756 	-3.09345637864 	2.5345796616
1248272280.71 	3.24292353692 	-3.09188943932 	2.5345796616
1248272280.73 	3.24182292157 	-3.09112508178 	2.5345796616
1248272280.76 	3.24011697173 	-3.08994033034 	2.5345796616
1248272280.77 	3.23956666405 	-3.08955815158 	2.5345796616
1248272280.82 	3.23681512569 	-3.08764725775 	2.5345796616
1248272280.84 	3.23565947039 	-3.08684467596 	2.5345796616
1248272280.84 	3.23584304269 	-3.08650761393 	2.53382843642
1248272280.87 	3.23419298144 	-3.08535983774 	2.53382843642
1248272280.88 	3.23364296103 	-3.08497724567 	2.53382843642
1248272280.92 	3.23138788126 	-3.08340862095 	2.53382843642
1248272280.96 	3.22918778649 	-3.08187824357 	2.53382843642
1248272280.99 	3.22938544748 	-3.08159311746 	2.53321233749
1248272281.0 	3.22713133456 	-3.08002310369 	2.53321233749
1248272281.02 	3.22713133456 	-3.08002310369 	2.53321233749
1248272281.03 	3.22713133456 	-3.08002310369 	2.53321233749
1248272281.04 	3.22658154997 	-3.07964017283 	2.53321233749
1248272281.07 	3.22542699314 	-3.07883601164 	2.53321233749
1248272281.09 	3.22432742395 	-3.07807014992 	2.53321233749
1248272281.12 	3.22262309563 	-3.076883067 	2.53321233749
1248272281.14 	3.22152352644 	-3.07611720529 	2.53321233749
1248272281.16 	3.22036896961 	-3.0753130441 	2.53321233749
1248272281.18 	3.21926940042 	-3.07454718238 	2.53321233749
1248272281.2 	3.2181148567 	-3.07374303032 	2.53321233749
1248272281.22 	3.21831297297 	-3.07313642709 	2.53184598967
1248272281.23 	3.21666519037 	-3.071985382 	2.53184598967
1248272281.26 	3.21496247252 	-3.07079596234 	2.53184598967
1248272281.3 	3.21276542906 	-3.06926123555 	2.53184598967
1248272281.31 	3.21216124603 	-3.06883918843 	2.53184598967
1248272281.32 	3.21161198517 	-3.06845550673 	2.53184598967
1248272281.34 	3.21051346343 	-3.06768814334 	2.53184598967
1248272281.39 	3.20771222385 	-3.06573136028 	2.53184598967
1248272281.44 	3.20491099736 	-3.06377458637 	2.53184598967
1248272281.48 	3.2027139408 	-3.06223985043 	2.53184598967
1248272281.49 	3.20210975777 	-3.06181780331 	2.53184598967
1248272281.55 	3.19875927042 	-3.0594773477 	2.53184598967
1248272281.59 	3.19656221386 	-3.05794261177 	2.53184598967
1248272281.6 	3.19601295299 	-3.05755893007 	2.53184598967
1248272281.64 	3.19376098737 	-3.05598583786 	2.53184598967
1248272281.7 	3.19095974778 	-3.0540290548 	2.53184598967
1248272281.74 	3.18870778216 	-3.05245596259 	2.53184598967
1248272281.75 	3.1881585213 	-3.05207228089 	2.53184598967
1248272281.84 	3.18316023825 	-3.04858077105 	2.53184598967
1248272281.85 	3.18261097738 	-3.04819708935 	2.53184598967
1248272281.9 	3.17980975089 	-3.04624031544 	2.53184598967
1248272281.95 	3.1770085113 	-3.04428353238 	2.53184598967
1248272282.0 	3.17420728482 	-3.04232675847 	2.53184598967
1248272282.01 	3.17420728482 	-3.04232675847 	2.53184598967
1248272282.02 	3.17420728482 	-3.04232675847 	2.53184598967
1248272282.03 	3.17420728482 	-3.04232675847 	2.53184598967
1248272282.04 	3.17420728482 	-3.04232675847 	2.53184598967
1248272282.05 	3.17365801085 	-3.04194306763 	2.53184598967
1248272282.06 	3.17305382783 	-3.0415210205 	2.53184598967
1248272282.1 	3.1706928259 	-3.03987176187 	2.53900598284
1248272282.11 	3.17004032389 	-3.03942287905 	2.54097496816
1248272282.17 	3.16641697591 	-3.03694072633 	2.55207698795
1248272282.24 	3.16222768127 	-3.03413869814 	2.564606976
1248272282.26 	3.1615638881 	-3.03370665593 	2.56655400368
1248272282.3 	3.15918064393 	-3.03216207448 	2.57307399746
1248272282.31 	3.15858232791 	-3.03177982199 	2.57467399594
1248272282.34 	3.15672565892 	-3.03059781113 	2.57941698047
1248272282.35 	3.15612493032 	-3.03021936141 	2.58092697903
1248272282.38 	3.15667786133 	-3.02887245687 	2.57826261121
1248272282.4 	3.15361636556 	-3.02693882157 	2.58545362788
1248272282.45 	3.15058437282 	-3.02505418368 	2.5912166143
1248272282.49 	3.14819785694 	-3.02358976331 	2.59565661007
1248272282.5 	3.14759960835 	-3.02322631085 	2.59673660904
1248272282.55 	3.14459014585 	-3.02140242657 	2.60168362051
1248272282.59 	3.14216356224 	-3.0199481605 	2.60525061088
1248272282.6 	3.1415704501 	-3.01959557422 	2.60610061007
1248272282.63 	3.13973086418 	-3.01850411412 	2.6083636201
1248272282.66 	3.13794824358 	-3.01745189949 	2.61043361812
1248272282.68 	3.13671699799 	-3.01672857348 	2.61158861309
1248272282.71 	3.13495687741 	-3.01569727933 	2.61317861157
1248272282.73 	3.13372363693 	-3.01497732764 	2.61414461833
1248272282.77 	3.13137330251 	-3.01360827176 	2.6160646165
1248272282.79 	3.13013800341 	-3.01289189033 	2.61696761256
1248272282.83 	3.12778379949 	-3.01152946677 	2.61804761797
1248272282.84 	3.12774614006 	-3.01102912522 	2.61714197987
1248272282.86 	3.12652824738 	-3.01032459051 	2.61766697758
1248272282.91 	3.12356960421 	-3.00861512726 	2.61858497542
1248272282.92 	3.12298916983 	-3.00828047061 	2.61876497524
1248272282.93 	3.12240866138 	-3.00794591048 	2.61897498005
1248272282.96 	3.12066696681 	-3.00694261973 	2.61960497945
1248272283.0 	3.11828579169 	-3.00557295797 	2.61997397845
1248272283.01 	3.11770489303 	-3.00523910787 	2.62004397839
1248272283.04 	3.11590402504 	-3.00420429306 	2.62019897907
1248272283.05 	3.11532305127 	-3.00387057367 	2.62024897903
1248272283.09 	3.11294099459 	-3.00250244567 	2.62024897903
1248272283.1 	3.11236000414 	-3.00216875533 	2.62022897905
1248272283.14 	3.10997796096 	-3.00080057174 	2.62002397841
1248272283.19 	3.10707338419 	-2.99913146647 	2.62012397831
1248272283.27 	3.10236770361 	-2.99642798889 	2.62012397831
1248272283.3 	3.10256328379 	-2.9954282693 	2.61839685676
1248272283.3 	3.10076412271 	-2.99439048964 	2.61845885703
1248272283.34 	3.09838451895 	-2.99301809966 	2.61866385648
1248272283.4 	3.09490174044 	-2.99101042653 	2.61920385811
1248272283.44 	3.09252111491 	-2.98963980974 	2.61965485689
1248272283.49 	3.08955907939 	-2.98793623129 	2.62011385581
1248272283.54 	3.08723528412 	-2.98660114797 	2.62075385901
1248272283.56 	3.08601485469 	-2.98590101673 	2.62108985755
1248272283.59 	3.08427104218 	-2.9849014117 	2.62162985703
1248272283.62 	3.0821995045 	-2.98371543062 	2.63058889672
1248272283.64 	3.08085623453 	-2.98296228968 	2.63630889127
1248272283.67 	3.07883490064 	-2.98184412194 	2.64488888308
1248272283.69 	3.07741330821 	-2.98107357592 	2.6508948569
1248272283.72 	3.07537588035 	-2.97998500918 	2.65947484872
1248272283.74 	3.07394318411 	-2.97923527118 	2.66548089072
1248272283.77 	3.07189009568 	-2.97817653718 	2.67406088254
1248272283.79 	3.07046537918 	-2.97745724815 	2.68000385663
1248272283.82 	3.0684239922 	-2.9764418028 	2.68849384853
1248272283.84 	3.06698902669 	-2.97574314293 	2.69435288951
1248272283.87 	3.0649332797 	-2.97475709304 	2.70272288153
1248272283.89 	3.06355732762 	-2.9741112204 	2.70826287624
1248272283.91 	3.06210884802 	-2.97344107068 	2.71407985088
1248272283.95 	3.05934245134 	-2.97218066131 	2.72495984051
1248272283.98 	3.05718798165 	-2.97122722251 	2.73336087772
1248272283.99 	3.05865135722 	-2.96829671053 	2.72847056742
1248272284.0 	3.05725923332 	-2.96768647563 	2.73387056227
1248272284.05 	3.05370097123 	-2.96614957092 	2.74748753018
1248272284.06 	3.05299923308 	-2.96585774483 	2.75015752764
1248272284.08 	3.05159418668 	-2.96527783508 	2.75543758554
1248272284.09 	3.0508901507 	-2.96499159701 	2.75807758303
1248272284.14 	3.04734302584 	-2.96356035235 	2.77138855166
1248272284.2 	3.04377714786 	-2.96217644228 	2.78444458194
1248272284.23 	3.0416691301 	-2.96138983472 	2.79212457461
1248272284.25 	3.04018933746 	-2.96085056009 	2.79743755145
1248272284.26 	3.03948331749 	-2.96059750924 	2.79996754904
1248272284.3 	3.03658600819 	-2.95956732345 	2.81021758099
1248272284.35 	3.03304002708 	-2.95834728612 	2.82266756911
1248272284.36 	3.032327848 	-2.95811212682 	2.82513756676
1248272284.41 	3.02869278862 	-2.95692179103 	2.83758153744
1248272284.45 	3.02575878839 	-2.95600128757 	2.84754456849
1248272284.5 	3.02216974756 	-2.95491443014 	2.859594557
1248272284.55 	3.01854480711 	-2.95386421643 	2.87173258514
1248272284.56 	3.01776027308 	-2.95364720844 	2.87435056562
1248272284.61 	3.01419161593 	-2.95267014138 	2.88610055442
1248272284.65 	3.01125609331 	-2.95190338176 	2.89561258407
1248272284.66 	3.01053836863 	-2.95172318675 	2.89793258185
1248272284.67 	3.01134534369 	-2.94847544714 	2.89370617773
1248272284.67 	3.94927747033 	-1.47508069845 	3.38096351157
1248272284.69 	3.94704888566 	-1.47562458451 	3.38809348832
1248272284.7 	3.94633125492 	-1.47580515327 	3.39038348614
1248272284.74 	3.94339067709 	-1.47655221975 	3.39969046103
1248272284.76 	3.94267517155 	-1.47674110303 	3.40196051298
1248272284.8 	3.93974343939 	-1.47752216183 	3.41118548809
1248272284.81 	3.9390301693 	-1.47771925251 	3.41343548595
1248272284.86 	3.93539475076 	-1.47873260047 	3.42485951244
1248272284.89 	3.93326322535 	-1.47935307611 	3.43145950614
1248272284.9 	3.80058103362 	-1.64670400043 	3.10822889378
1248272284.9 	3.91252717487 	-1.45466780377 	3.10600470675
1248272284.92 	3.91023463487 	-1.45458618251 	3.11282468451
1248272284.96 	3.90727586245 	-1.45450104115 	3.12158467616
1248272284.97 	3.90653601127 	-1.45448623625 	3.12375467409
1248272285.01 	3.9035434781 	-1.45443284984 	3.13252870143
1248272285.06 	3.89982063981 	-1.45439910529 	3.14344267572
1248272285.07 	3.89909064175 	-1.4544004558 	3.1455626737
1248272285.11 	3.89634365484 	-1.45441136145 	3.1455626737
1248272285.13 	3.7989100567 	-1.5707777918 	2.87736637931
1248272285.13 	3.87302795386 	-1.43687647973 	2.87028745221
1248272285.16 	3.86973594885 	-1.43596076305 	2.87028745221
1248272285.17 	3.86909045677 	-1.43578121051 	2.87028745221
1248272285.21 	3.86644392846 	-1.43504504209 	2.87028745221
1248272285.26 	3.86321646805 	-1.43414727938 	2.87028745221
1248272285.27 	3.86250643138 	-1.43394977287 	2.87028745221
1248272285.32 	3.85927897096 	-1.43305201016 	2.87028745221
1248272285.36 	3.9150543604 	-1.3306051427 	2.85611746996
1248272285.37 	3.91241852892 	-1.32983154818 	2.85611746996
1248272285.42 	3.90913982967 	-1.32886927734 	2.85611746996
1248272285.47 	3.9059253988 	-1.32792586873 	2.85611746996
1248272285.52 	3.90264669954 	-1.32696359789 	2.85611746996
1248272285.56 	3.90001086806 	-1.32619000338 	2.85611746996
1248272285.57 	3.89936798496 	-1.32600132255 	2.85611746996
1248272285.61 	3.89679645252 	-1.32524659927 	2.85611746996
1248272285.62 	3.8960892857 	-1.32503905171 	2.85611746996
1248272285.65 	3.89416063637 	-1.32447300925 	2.85611746996
1248272285.68 	3.89216768801 	-1.32388809555 	2.85611746996
1248272285.7 	3.89088192179 	-1.32351073391 	2.85611746996
1248272285.73 	3.88888898875 	-1.32292582471 	2.85611746996
1248272285.76 	3.88696033943 	-1.32235978225 	2.85611746996
1248272285.77 	3.88625315728 	-1.3221522302 	2.85611746996
1248272285.8 	3.88432450795 	-1.32158618773 	2.85611746996
1248272285.83 	3.88233157491 	-1.32100127853 	2.85611746996
1248272285.85 	3.8810458087 	-1.32062391689 	2.85611746996
1248272285.88 	3.87911715937 	-1.32005787443 	2.85611746996
1248272285.91 	3.877124211 	-1.31947296073 	2.85611746996
1248272285.93 	3.87583844479 	-1.31909559909 	2.85611746996
1248272285.95 	3.87448839486 	-1.31869937071 	2.85611746996
1248272285.98 	3.87255974553 	-1.31813332825 	2.85611746996
1248272286.01 	3.87120968027 	-1.31773709537 	2.85611746996
1248272286.06 	3.91708797978 	-1.23130267827 	2.83831866971
1248272286.14 	3.90871152565 	-1.22868145821 	2.83831866971
1248272286.17 	3.90672931841 	-1.22806117171 	2.83831866971
1248272286.22 	3.90353220259 	-1.22706070731 	2.83831866971
1248272286.24 	3.90218940327 	-1.22664050893 	2.83831866971
1248272286.27 	3.90027113378 	-1.22604023029 	2.83831866971
1248272286.28 	3.89963171062 	-1.22584013741 	2.83831866971
1248272286.3 	3.93638017085 	-1.15436979671 	2.81764473322
1248272286.32 	3.93377605995 	-1.15349539709 	2.81764473322
1248272286.33 	3.93314090985 	-1.15328212852 	2.81764473322
1248272286.35 	3.93180708402 	-1.15283426096 	2.81764473322
1248272286.36 	3.93117193391 	-1.15262099238 	2.81764473322
1248272286.37 	3.9305367838 	-1.15240772381 	2.81764473322
1248272286.38 	3.92990163369 	-1.15219445524 	2.81764473322
1248272286.39 	3.92920297312 	-1.15195986133 	2.81764473322
1248272286.4 	3.92856782301 	-1.15174659276 	2.81764473322
1248272286.41 	3.9279326729 	-1.15153332419 	2.81764473322
1248272286.42 	3.92723399718 	-1.1512987252 	2.81764473322
1248272286.43 	3.92659884707 	-1.15108545663 	2.81764473322
1248272286.44 	3.92596369697 	-1.15087218806 	2.81764473322
1248272286.45 	3.92532854686 	-1.15065891949 	2.81764473322
1248272286.46 	3.92462988628 	-1.15042432558 	2.81764473322
1248272286.49 	3.92272443596 	-1.14978451986 	2.81764473322
1248272286.5 	3.92208928585 	-1.14957125129 	2.81764473322
1248272286.51 	3.92145413574 	-1.14935798272 	2.81764473322
1248272286.53 	3.95280622287 	-1.0875506406 	2.79602828437
1248272286.54 	3.95148238921 	-1.08707404734 	2.79602828437
1248272286.55 	3.95085199724 	-1.08684709997 	2.79602828437
1248272286.56 	3.95022160527 	-1.08662015261 	2.79602828437
1248272286.57 	3.94952817861 	-1.08637051212 	2.79602828437
1248272286.59 	3.94826739467 	-1.08591661739 	2.79602828437
1248272286.6 	3.9476370027 	-1.08568967002 	2.79602828437
1248272286.61 	3.94694356102 	-1.08544002413 	2.79602828437
1248272286.62 	3.94631316905 	-1.08521307676 	2.79602828437
1248272286.64 	3.9450523851 	-1.08475918203 	2.79602828437
1248272286.65 	3.94435895845 	-1.08450954155 	2.79602828437
1248272286.66 	3.94372856648 	-1.08428259418 	2.79602828437
1248272286.67 	3.94309817451 	-1.08405564681 	2.79602828437
1248272286.69 	3.94183739057 	-1.08360175208 	2.79602828437
1248272286.7 	3.94114396391 	-1.08335211159 	2.79602828437
1248272286.71 	3.94052296597 	-1.08312854617 	2.79602828437
1248272286.72 	3.93990198283 	-1.08290498608 	2.79602828437
1248272286.74 	3.93859792269 	-1.08243551148 	2.79602828437
1248272286.75 	3.93797693956 	-1.08221195139 	2.79602828437
1248272286.76 	3.93735595642 	-1.08198839129 	2.79602828437
1248272286.77 	3.9644743829 	-1.02786438977 	2.77408203863
1248272286.77 	3.96385845521 	-1.02762725636 	2.77408203863
1248272286.79 	3.96256501148 	-1.02712927789 	2.77408203863
1248272286.8 	3.96194906911 	-1.02689213882 	2.77408203863
1248272286.81 	3.96133314142 	-1.02665500541 	2.77408203863
1248272286.83 	3.96003969769 	-1.02615702694 	2.77408203863
1248272286.84 	3.95942377 	-1.02591989353 	2.77408203863
1248272286.85 	3.95880784232 	-1.02568276011 	2.77408203863
1248272286.87 	3.95751439858 	-1.02518478164 	2.77408203863
1248272286.88 	3.9568984709 	-1.02494764823 	2.77408203863
1248272286.89 	3.95628254321 	-1.02471051482 	2.77408203863
1248272286.9 	3.95566660084 	-1.02447337575 	2.77408203863
1248272286.92 	3.95439275474 	-1.02398294241 	2.77408203863
1248272286.93 	3.95378615929 	-1.02374940193 	2.77408203863
1248272286.94 	3.95317956384 	-1.02351586144 	2.77408203863
1248272286.95 	3.95251231319 	-1.02325896858 	2.77408203863
1248272286.96 	3.95190571774 	-1.0230254281 	2.77408203863
1248272286.97 	3.95129912229 	-1.02279188762 	2.77408203863
1248272286.98 	3.95069252685 	-1.02255834714 	2.77408203863
1248272287.0 	3.95002526173 	-1.02230144871 	2.77408203863
1248272287.01 	3.95002526173 	-1.02230144871 	2.77408203863
1248272287.02 	3.95002526173 	-1.02230144871 	2.77408203863
1248272287.03 	3.94941866628 	-1.02206790823 	2.77408203863
1248272287.04 	3.94875141563 	-1.02181101537 	2.77408203863
1248272287.05 	3.94814482018 	-1.02157747489 	2.77408203863
1248272287.06 	3.94753822473 	-1.0213439344 	2.77408203863
1248272287.07 	3.94693162928 	-1.02111039392 	2.77408203863
1248272287.08 	3.94626436417 	-1.02085349549 	2.77408203863
1248272287.09 	3.94565776872 	-1.02061995501 	2.77408203863
1248272287.1 	3.94505117327 	-1.02038641453 	2.77408203863
1248272287.12 	3.94377732717 	-1.01989598119 	2.77408203863
1248272287.13 	3.94318006396 	-1.01966603364 	2.77408203863
1248272287.14 	3.94258280075 	-1.01943608608 	2.77408203863
1248272287.16 	3.94132853804 	-1.01895319239 	2.77408203863
1248272287.17 	3.94073127483 	-1.01872324484 	2.77408203863
1248272287.18 	3.94013401162 	-1.01849329728 	2.77408203863
1248272287.19 	3.93953674841 	-1.01826334973 	2.77408203863
1248272287.21 	3.93828249994 	-1.01778046152 	2.77408203863
1248272287.22 	3.93768523673 	-1.01755051397 	2.77408203863
1248272287.23 	3.93708797352 	-1.01732056641 	2.77408203863
1248272287.24 	3.83229492855 	-1.11860641252 	2.57848881667
1248272287.24 	3.8564358764 	-1.06786319022 	2.56305244802
1248272287.24 	3.85584643574 	-1.06747823594 	2.56305244802
1248272287.25 	3.85531058873 	-1.06712828281 	2.56305244802
1248272287.26 	3.85477474171 	-1.06677832968 	2.56305244802
1248272287.27 	3.8542388947 	-1.06642837654 	2.56305244802
1248272287.28 	3.85364946681 	-1.0660434306 	2.56305244802
1248272287.3 	3.85257777278 	-1.06534352434 	2.56305244802
1248272287.31 	3.85204192576 	-1.06499357121 	2.56305244802
1248272287.32 	3.85145249788 	-1.06460862527 	2.56305244802
1248272287.33 	3.85091663809 	-1.06425866379 	2.56305244802
1248272287.34 	3.85038079107 	-1.06390871066 	2.56305244802
1248272287.36 	3.84979136319 	-1.06352376472 	2.56305244802
1248272287.41 	3.84673200409 	-1.06152574613 	2.56305244802
1248272287.42 	3.84620452968 	-1.06118126101 	2.56305244802
1248272287.43 	3.84567705527 	-1.0608367759 	2.56305244802
1248272287.44 	3.8450968372 	-1.06045784474 	2.56305244802
1248272287.45 	3.84456936279 	-1.06011335962 	2.56305244802
1248272287.46 	3.84404188839 	-1.05976887451 	2.56305244802
1248272287.48 	3.84293419591 	-1.05904545823 	2.56305244802
1248272287.49 	3.8424067215 	-1.05870097312 	2.56305244802
1248272287.51 	3.84187923452 	-1.05835647979 	2.56305244802
1248272287.52 	3.84129901644 	-1.05797754863 	2.56305244802
1248272287.54 	3.84024406763 	-1.0572885784 	2.56305244802
1248272287.55 	3.83971659323 	-1.05694409329 	2.56305244802
1248272287.56 	3.83918911882 	-1.05659960818 	2.56305244802
1248272287.57 	3.83860890075 	-1.05622067701 	2.56305244802
1248272287.6 	3.83702647753 	-1.05518722167 	2.56305244802
1248272287.61 	3.83650736335 	-1.05484819649 	2.56305244802
1248272287.63 	3.83541725329 	-1.05413626302 	2.56305244802
1248272287.64 	3.8348981515 	-1.05379724592 	2.56305244802
1248272287.65 	3.8343790497 	-1.05345822882 	2.56305244802
1248272287.66 	3.8338599479 	-1.05311921173 	2.56305244802
1248272287.69 	3.83225073605 	-1.05206826115 	2.56305244802
1248272287.7 	3.83173163425 	-1.05172924406 	2.56305244802
1248272287.71 	3.83121252008 	-1.05139021888 	2.56305244802
1248272287.71 	3.85262900927 	-1.00513373686 	2.54744567408
1248272287.72 	3.85206389034 	-1.00475195466 	2.54744567408
1248272287.74 	3.85103639467 	-1.00405780069 	2.54744567408
1248272287.75 	3.85052264684 	-1.00371072371 	2.54744567408
1248272287.76 	3.84995752791 	-1.00332894151 	2.54744567408
1248272287.77 	3.84944378008 	-1.00298186452 	2.54744567408
1248272287.79 	3.84841628441 	-1.00228771055 	2.54744567408
1248272287.8 	3.84785115323 	-1.00190592007 	2.54744567408
1248272287.81 	3.8473374054 	-1.00155884309 	2.54744567408
1248272287.84 	3.84579616191 	-1.00051761213 	2.54744567408
1248272287.85 	3.84523104297 	-1.00013582993 	2.54744567408
1248272287.86 	3.84471729514 	-0.999788752946 	2.54744567408
1248272287.87 	3.84420354731 	-0.999441675961 	2.54744567408
1248272287.88 	3.84368979948 	-0.999094598976 	2.54744567408
1248272287.89 	3.84312466829 	-0.998712808499 	2.54744567408
1248272287.9 	3.84261920671 	-0.99837132953 	2.54744567408
1248272287.92 	3.84160828356 	-0.997688371591 	2.54744567408
1248272287.93 	3.84105227945 	-0.997312747167 	2.54744567408
1248272287.94 	3.84054681787 	-0.996971268198 	2.54744567408
1248272287.97 	3.83903043315 	-0.99594683129 	2.54744567408
1248272287.99 	3.83847441698 	-0.995571198724 	2.54744567408
1248272288.0 	3.8379689554 	-0.995229719755 	2.54744567408
1248272288.01 	3.83746349383 	-0.994888240786 	2.54744567408
1248272288.03 	3.83640202814 	-0.994171137392 	2.54744567408
1248272288.04 	3.83589656656 	-0.993829658423 	2.54744567408
1248272288.05 	3.83539110499 	-0.993488179454 	2.54744567408
1248272288.08 	3.83382416567 	-0.99242958895 	2.54744567408
1248272288.09 	3.83331870409 	-0.99208810998 	2.54744567408
1248272288.11 	3.83230778094 	-0.991405152041 	2.54744567408
1248272288.12 	3.83180231937 	-0.991063673072 	2.54744567408
1248272288.13 	3.83124631525 	-0.990688048648 	2.54744567408
1248272288.14 	3.83074085368 	-0.990346569679 	2.54744567408
1248272288.16 	3.82972993053 	-0.98966361174 	2.54744567408
1248272288.18 	3.82866845278 	-0.988946500205 	2.54744567408
1248272288.18 	3.84764235611 	-0.946956988437 	2.53169545872
1248272288.19 	3.84714233537 	-0.946607591022 	2.53169545872
1248272288.21 	3.8461422939 	-0.945908796193 	2.53169545872
1248272288.22 	3.84564227316 	-0.945559398778 	2.53169545872
1248272288.23 	3.84509225393 	-0.945175064121 	2.53169545872
1248272288.25 	3.84409221246 	-0.944476269292 	2.53169545872
1248272288.26 	3.84359219172 	-0.944126871878 	2.53169545872
1248272288.27 	3.84304216057 	-0.943742528891 	2.53169545872
1248272288.28 	3.84254213983 	-0.943393131476 	2.53169545872
1248272288.3 	3.84154209836 	-0.942694336647 	2.53169545872
1248272288.31 	3.84099207912 	-0.94231000199 	2.53169545872
1248272288.32 	3.84049205839 	-0.941960604575 	2.53169545872
1248272288.34 	3.83949201691 	-0.941261809746 	2.53169545872
1248272288.35 	3.83894198576 	-0.940877466759 	2.53169545872
1248272288.36 	3.83844196502 	-0.940528069345 	2.53169545872
1248272288.37 	3.83794194428 	-0.94017867193 	2.53169545872
1248272288.39 	3.83694190281 	-0.939479877101 	2.53169545872
1248272288.4 	3.83639188358 	-0.939095542444 	2.53169545872
1248272288.41 	3.83589186284 	-0.938746145029 	2.53169545872
1248272288.43 	3.83489182137 	-0.9380473502 	2.53169545872
1248272288.45 	3.83434179021 	-0.937663007213 	2.53169545872
1248272288.46 	3.83384176948 	-0.937313609799 	2.53169545872
1248272288.47 	3.83334174874 	-0.936964212384 	2.53169545872
1248272288.48 	3.832841728 	-0.93661481497 	2.53169545872
1248272288.5 	3.83179168803 	-0.935881082898 	2.53169545872
1248272288.52 	3.83079164656 	-0.935182288069 	2.53169545872
1248272288.53 	3.83029162582 	-0.934832890654 	2.53169545872
1248272288.54 	3.82974159467 	-0.934448547667 	2.53169545872
1248272288.55 	3.82924977099 	-0.934104878079 	2.53169545872
1248272288.56 	3.82875794732 	-0.933761208491 	2.53169545872
1248272288.57 	3.82826612364 	-0.933417538903 	2.53169545872
1248272288.6 	3.82674147377 	-0.932352165638 	2.53169545872
1248272288.61 	3.82624965009 	-0.93200849605 	2.53169545872
1248272288.62 	3.82575782642 	-0.931664826462 	2.53169545872
1248272288.63 	3.82521681216 	-0.931286784179 	2.53169545872
1248272288.64 	3.82472498849 	-0.930943114591 	2.53169545872
1248272288.65 	3.82423316481 	-0.930599445003 	2.53169545872
1248272288.66 	3.82374134114 	-0.930255775415 	2.53169545872
1248272288.67 	3.82320033861 	-0.929877741326 	2.53169545872
1248272288.69 	3.82221669126 	-0.92919040215 	2.53169545872
1248272288.7 	3.82172486759 	-0.928846732562 	2.53169545872
1248272288.71 	3.82118386506 	-0.928468698473 	2.53169545872
1248272288.74 	3.81970838231 	-0.927437681515 	2.53169545872
1248272288.75 	3.81921655864 	-0.927094011927 	2.53169545872
1248272288.76 	3.81867555611 	-0.926715977838 	2.53169545872
1248272288.79 	3.81720008508 	-0.925684969074 	2.53169545872
1248272288.8 	3.81670826141 	-0.925341299486 	2.53169545872
1248272288.83 	3.81518359981 	-0.924275918027 	2.53169545872
1248272288.84 	3.81469177613 	-0.923932248439 	2.53169545872
1248272288.86 	3.81415077361 	-0.923554214351 	2.53169545872
1248272288.88 	3.81316712626 	-0.922866875174 	2.53169545872
1248272288.88 	3.81268349964 	-0.922528933413 	2.53169545872
1248272288.89 	3.82971219811 	-0.883648356653 	2.51592625903
1248272288.89 	3.82923396047 	-0.88330283082 	2.51592625903
1248272288.91 	3.82870790249 	-0.882922754874 	2.51592625903
1248272288.93 	3.82775141583 	-0.882231694969 	2.51592625903
1248272288.94 	3.82727317819 	-0.881886169136 	2.51592625903
1248272288.95 	3.82674712021 	-0.88150609319 	2.51592625903
1248272288.96 	3.82626888258 	-0.881160567357 	2.51592625903
1248272288.98 	3.82531240731 	-0.88046951569 	2.51592625903
1248272288.99 	3.82478634934 	-0.880089439744 	2.51592625903
1248272289.0 	3.8243081117 	-0.879743913911 	2.51592625903
1248272289.01 	3.82382987407 	-0.879398388077 	2.51592625903
1248272289.03 	3.82282556706 	-0.878672778061 	2.51592625903
1248272289.04 	3.82234732942 	-0.878327252227 	2.51592625903
1248272289.05 	3.82186909179 	-0.877981726394 	2.51592625903
1248272289.08 	3.82038655854 	-0.876910598781 	2.51592625903
1248272289.09 	3.81990832091 	-0.876565072948 	2.51592625903
1248272289.1 	3.81943008328 	-0.876219547114 	2.51592625903
1248272289.12 	3.81842577626 	-0.875493937097 	2.51592625903
1248272289.13 	3.81794753863 	-0.875148411264 	2.51592625903
1248272289.14 	3.817469301 	-0.87480288543 	2.51592625903
1248272289.16 	3.81651282573 	-0.874111833764 	2.51592625903
1248272289.17 	3.81598676775 	-0.873731757818 	2.51592625903
1248272289.18 	3.81550853012 	-0.873386231985 	2.51592625903
1248272289.21 	3.81402598547 	-0.872315096134 	2.51592625903
1248272289.22 	3.81354774784 	-0.871969570301 	2.51592625903
1248272289.23 	3.81307761593 	-0.871629900837 	2.51592625903
1248272289.24 	3.81260748401 	-0.871290231374 	2.51592625903
1248272289.26 	3.81162021036 	-0.87057692793 	2.51592625903
1248272289.27 	3.81115007845 	-0.870237258467 	2.51592625903
1248272289.28 	3.81067994654 	-0.869897589003 	2.51592625903
1248272289.31 	3.80969266168 	-0.869184277461 	2.51592625903
1248272289.32 	3.80922252977 	-0.868844607998 	2.51592625903
1248272289.33 	3.80875239786 	-0.868504938535 	2.51592625903
1248272289.35 	3.80776512421 	-0.867791635091 	2.51592625903
1248272289.36 	3.8072949923 	-0.867451965627 	2.51592625903
1248272289.36 	3.82209612218 	-0.832801170126 	2.50012598904
1248272289.37 	3.8216314156 	-0.832454115158 	2.50012598904
1248272289.38 	3.8211202306 	-0.832072348902 	2.50012598904
1248272289.4 	3.82019081744 	-0.831378238967 	2.50012598904
1248272289.41 	3.81972611085 	-0.831031184 	2.50012598904
1248272289.42 	3.81896816332 	-0.830465129061 	2.49574802168
1248272289.44 	3.81759458692 	-0.829429908198 	2.48778802927
1248272289.45 	3.81691194061 	-0.828906847393 	2.48380803307
1248272289.46 	3.81623138149 	-0.828381073808 	2.47982803686
1248272289.47 	3.81548506288 	-0.827799739149 	2.47544997461
1248272289.49 	3.81413278096 	-0.826736852535 	2.4674899822
1248272289.5 	3.81346089165 	-0.826200044045 	2.463509986
1248272289.51 	3.8127241742 	-0.82560662172 	2.45913201864
1248272289.52 	3.81205679494 	-0.825064216417 	2.45515202244
1248272289.54 	3.81072636452 	-0.823974102085 	2.44719203003
1248272289.55 	3.80999941241 	-0.823368724455 	2.44281396778
1248272289.56 	3.80934097261 	-0.822815501522 	2.43883397158
1248272289.58 	3.80802850707 	-0.821703823256 	2.43087397917
1248272289.59 	3.80737671952 	-0.821142778179 	2.42689398296
1248272289.59 	3.8209238354 	-0.788847122736 	2.41320342331
1248272289.6 	3.82021789043 	-0.788217405062 	2.40882545595
1248272289.62 	3.8189393706 	-0.787066848066 	2.40086546355
1248272289.63 	3.8183047101 	-0.786486499343 	2.39688546734
1248272289.64 	3.81760913436 	-0.785845346439 	2.39250749998
1248272289.65 	3.81697933149 	-0.785259699616 	2.38852740889
1248272289.66 	3.81635187949 	-0.784671564788 	2.38454741268
1248272289.68 	3.81546655759 	-0.783835074383 	2.38454741268
1248272289.69 	3.81504497429 	-0.783436744263 	2.38454741268
1248272289.7 	3.814623391 	-0.783038414142 	2.38454741268
1248272289.71 	3.81420180771 	-0.782640084021 	2.38454741268
1248272289.74 	3.81289490251 	-0.781405263496 	2.38454741268
1248272289.77 	3.8120662634 	-0.780622329443 	2.38454741268
1248272289.78 	3.81161052029 	-0.780191723647 	2.38454741268
1248272289.8 	3.81078189106 	-0.779408798927 	2.38454741268
1248272289.81 	3.81036757644 	-0.779017336567 	2.38454741268
1248272289.82 	3.80995326182 	-0.778625874207 	2.38454741268
1248272289.83 	3.82351507811 	-0.745610272681 	2.37028785393
1248272289.83 	3.82306552137 	-0.745173212187 	2.37028785393
1248272289.85 	3.82224814017 	-0.744378551577 	2.37028785393
1248272289.86 	3.82183943982 	-0.743981211799 	2.37028785393
1248272289.88 	3.82098119248 	-0.743146821 	2.37028785393
1248272289.89 	3.82057250187 	-0.742749490695 	2.37028785393
1248272289.9 	3.82016381127 	-0.74235216039 	2.37028785393
1248272289.91 	3.81975512067 	-0.741954830085 	2.37028785393
1248272289.93 	3.81889687332 	-0.741120439286 	2.37028785393
1248272289.94 	3.81848818272 	-0.740723108981 	2.37028785393
1248272289.95 	3.81807949212 	-0.740325778676 	2.37028785393
1248272289.96 	3.81762992563 	-0.73988870871 	2.37028785393
1248272289.98 	3.81681254443 	-0.739094048099 	2.37028785393
1248272289.99 	3.81640385382 	-0.738696717794 	2.37028785393
1248272290.0 	3.81599516322 	-0.738299387489 	2.37028785393
1248272290.01 	3.81599516322 	-0.738299387489 	2.37028785393
1248272290.02 	3.81599516322 	-0.738299387489 	2.37028785393
1248272290.03 	3.81558647262 	-0.737902057184 	2.37028785393
1248272290.04 	3.81517778202 	-0.737504726879 	2.37028785393
1248272290.06 	3.82709112329 	-0.707913240377 	2.35623526356
1248272290.06 	3.82624467604 	-0.707066862152 	2.35623526356
1248272290.07 	3.82584160913 	-0.706663828106 	2.35623526356
1248272290.08 	3.82543854221 	-0.706260794059 	2.35623526356
1248272290.11 	3.82418903766 	-0.705011391396 	2.35623526356
1248272290.12 	3.82378597075 	-0.704608357349 	2.35623526356
1248272290.13 	3.82338290383 	-0.704205323303 	2.35623526356
1248272290.16 	3.82213338967 	-0.702955911031 	2.35623526356
1248272290.17 	3.82173032276 	-0.702552876984 	2.35623526356
1248272290.18 	3.82132725584 	-0.702149842937 	2.35623526356
1248272290.19 	3.82092418893 	-0.70174680889 	2.35623526356
1248272290.21 	3.82009260108 	-0.700915288847 	2.35623526356
1248272290.22 	3.81969660551 	-0.700519325573 	2.35623526356
1248272290.23 	3.81930060995 	-0.700123362299 	2.35623526356
1248272290.26 	3.81846901265 	-0.699291832815 	2.35623526356
1248272290.27 	3.81807301709 	-0.698895869541 	2.35623526356
1248272290.28 	3.81767702152 	-0.698499906267 	2.35623526356
1248272290.29 	3.81728102596 	-0.698103942993 	2.35623526356
1248272290.29 	3.82791364561 	-0.671026236542 	2.3422947971
1248272290.3 	3.82748416731 	-0.670584649931 	2.3422947971
1248272290.31 	3.82709372996 	-0.670183204948 	2.3422947971
1248272290.32 	3.82670329261 	-0.669781759964 	2.3422947971
1248272290.35 	3.82549293029 	-0.668537273814 	2.3422947971
1248272290.36 	3.82510249294 	-0.668135828831 	2.3422947971
1248272290.37 	3.82471205559 	-0.667734383847 	2.3422947971
1248272290.38 	3.82432161823 	-0.667332938863 	2.3422947971
1248272290.4 	3.82350170258 	-0.666489907269 	2.3422947971
1248272290.41 	3.82311126523 	-0.666088462285 	2.3422947971
1248272290.42 	3.82251166501 	-0.665471957489 	2.33831480089
1248272290.45 	3.82066051549 	-0.663553399587 	2.32597674624
1248272290.46 	3.82007105481 	-0.662927192997 	2.32199675003
1248272290.47 	3.81948409109 	-0.662298645322 	2.31801675383
1248272290.49 	3.8182567346 	-0.660973804345 	2.30965879027
1248272290.5 	3.81767757035 	-0.660338062759 	2.30567879406
1248272290.51 	3.81710094093 	-0.659700021142 	2.30169879786
1248272290.52 	3.81652685548 	-0.659059689602 	2.29771880165
1248272290.52 	3.82623819277 	-0.633670861734 	2.28520746532
1248272290.54 	3.82505494268 	-0.632306456796 	2.27684940687
1248272290.55 	3.82449694467 	-0.63165205874 	2.27286941066
1248272290.56 	3.82394155558 	-0.630995445042 	2.26888941446
1248272290.57 	3.82333351102 	-0.630270748923 	2.2645114471
1248272290.59 	3.82223374742 	-0.628948283661 	2.25655145469
1248272290.6 	3.82168914639 	-0.628282694969 	2.25257145849
1248272290.63 	3.82000909952 	-0.626212655959 	2.24023340383
1248272290.64 	3.81947543162 	-0.625538269448 	2.23625340763
1248272290.65 	3.818944452 	-0.624861764289 	2.23227341142
1248272290.66 	3.81836334455 	-0.62411529474 	2.22789544407
1248272290.7 	3.81673488429 	-0.622004433274 	2.21555738941
1248272290.71 	3.81621801834 	-0.621317084611 	2.2115773932
1248272290.72 	3.81570389213 	-0.620627684274 	2.207597397
1248272290.75 	3.81411862293 	-0.618484221833 	2.19525943723
1248272290.75 	3.82287008373 	-0.594891026761 	2.18459392111
1248272290.76 	3.82237474483 	-0.59418800616 	2.18061392491
1248272290.77 	3.82188220787 	-0.593483019685 	2.1766339287
1248272290.8 	3.82041302619 	-0.591362196143 	2.16469394009
1248272290.81 	3.81988364134 	-0.59057817246 	2.16031587784
1248272290.83 	3.81892738807 	-0.58914849626 	2.15235588543
1248272290.84 	3.81862525808 	-0.588688912871 	2.15235588543
1248272290.85 	3.81829291725 	-0.588183374431 	2.15235588543
1248272290.86 	3.81799078726 	-0.587723791043 	2.15235588543
1248272290.88 	3.81738652727 	-0.586804624266 	2.15235588543
1248272290.89 	3.81708439728 	-0.586345040878 	2.15235588543
1248272290.9 	3.81675204925 	-0.58583949148 	2.15235588543
1248272290.91 	3.81644991925 	-0.585379908092 	2.15235588543
1248272290.93 	3.81581544843 	-0.584414786264 	2.15235588543
1248272290.94 	3.81551881171 	-0.583963558937 	2.15235588543
1248272290.95 	3.81522217499 	-0.58351233161 	2.15235588543
1248272290.98 	3.82418299999 	-0.558716116369 	2.14147706494
1248272290.98 	3.82327869275 	-0.557307383163 	2.14147706494
1248272290.99 	3.82298698231 	-0.556852955543 	2.14147706494
1248272291.0 	3.82269527186 	-0.556398527923 	2.14147706494
1248272291.01 	3.82269527186 	-0.556398527923 	2.14147706494
1248272291.02 	3.82269527186 	-0.556398527923 	2.14147706494
1248272291.03 	3.82237439246 	-0.555898660792 	2.14147706494
1248272291.04 	3.82208268202 	-0.555444233172 	2.14147706494
1248272291.06 	3.82149926114 	-0.554535377932 	2.14147706494
1248272291.07 	3.82117838174 	-0.5540355108 	2.14147706494
1248272291.08 	3.82088666434 	-0.553581072346 	2.14147706494
1248272291.09 	3.8205949539 	-0.553126644726 	2.14147706494
1248272291.12 	3.81998236406 	-0.552172349975 	2.14147706494
1248272291.12 	3.81969065361 	-0.551717922355 	2.14147706494
1248272291.13 	3.81939894317 	-0.551263494735 	2.14147706494
1248272291.17 	3.81849464289 	-0.549854772364 	2.14147706494
1248272291.18 	3.81820292549 	-0.549400333909 	2.14147706494
1248272291.19 	3.81791121505 	-0.548945906289 	2.14147706494
1248272291.22 	3.81700691476 	-0.547537183918 	2.14147706494
1248272291.23 	3.81671520432 	-0.547082756298 	2.14147706494
1248272291.24 	3.81642349388 	-0.546628328678 	2.14147706494
1248272291.27 	3.81551919359 	-0.545219606307 	2.14147706494
1248272291.28 	3.8152274762 	-0.544765167852 	2.14147706494
1248272291.3 	3.81464405531 	-0.543856312613 	2.14147706494
1248272291.31 	3.81432317591 	-0.543356445481 	2.14147706494
1248272291.32 	3.81403146547 	-0.542902017861 	2.14147706494
1248272291.33 	3.81373975503 	-0.542447590241 	2.14147706494
1248272291.35 	3.81312716519 	-0.54149329549 	2.14147706494
1248272291.36 	3.81283545474 	-0.54103886787 	2.14147706494
1248272291.37 	3.8125437443 	-0.54058444025 	2.14147706494
1248272291.39 	3.81196031646 	-0.539675574176 	2.14147706494
1248272291.4 	3.81163943706 	-0.539175707044 	2.14147706494
1248272291.41 	3.81134772662 	-0.538721279424 	2.14147706494
1248272291.42 	3.81105601618 	-0.538266851804 	2.14147706494
1248272291.44 	3.81047259529 	-0.537357996565 	2.14147706494
1248272291.44 	3.81846267969 	-0.514158153765 	2.12974092499
1248272291.45 	3.81814768876 	-0.513654555259 	2.12974092499
1248272291.47 	3.81758558009 	-0.512755871947 	2.12974092499
1248272291.49 	3.81702346471 	-0.511857177922 	2.12974092499
1248272291.5 	3.81671430695 	-0.511362905314 	2.12974092499
1248272291.51 	3.81643325261 	-0.510913563658 	2.12974092499
1248272291.53 	3.81587114394 	-0.510014880346 	2.12974092499
1248272291.54 	3.81556198618 	-0.509520607739 	2.12974092499
1248272291.55 	3.81528093184 	-0.509071266083 	2.12974092499
1248272291.57 	3.81471882317 	-0.50817258277 	2.12974092499
1248272291.59 	3.81440965871 	-0.50767829945 	2.12974092499
1248272291.6 	3.81410050095 	-0.507184026842 	2.12974092499
1248272291.61 	3.81381944661 	-0.506734685186 	2.12974092499
1248272291.64 	3.8129762836 	-0.505386660218 	2.12974092499
1248272291.65 	3.81266711914 	-0.504892376897 	2.12974092499
1248272291.66 	3.8123860648 	-0.504443035241 	2.12974092499
1248272291.67 	3.81210501046 	-0.503993693585 	2.12974092499
1248272291.67 	3.819694929 	-0.481237949952 	2.11845982482
1248272291.7 	3.81886702652 	-0.479880499155 	2.11845982482
1248272291.71 	3.81856346425 	-0.479382770433 	2.11845982482
1248272291.72 	3.81828749676 	-0.478930286834 	2.11845982482
1248272291.73 	3.81801152926 	-0.478477803235 	2.11845982482
1248272291.75 	3.81743199292 	-0.477527580126 	2.11845982482
1248272291.76 	3.81715602543 	-0.477075096527 	2.11845982482
1248272291.78 	3.81629167442 	-0.475657883746 	2.11077983214
1248272291.79 	3.81582228467 	-0.474874793816 	2.10654486372
1248272291.8 	3.81539858266 	-0.474161088491 	2.10269486739
1248272291.83 	3.81412051421 	-0.471989239296 	2.09114487841
1248272291.84 	3.81370288124 	-0.471260417403 	2.08729488208
1248272291.85 	3.813246568 	-0.470456938402 	2.08305982186
1248272291.86 	3.81283484117 	-0.46972476378 	2.07920982554
1248272291.87 	3.81242593626 	-0.468991009441 	2.07534982922
1248272291.88 	3.81201986668 	-0.468255682201 	2.0714898329
1248272291.89 	3.81157631854 	-0.467445109368 	2.06724386456
1248272291.9 	3.81117622277 	-0.466706514737 	2.06338386824
1248272291.93 	3.80998449731 	-0.464486114256 	2.05177387931
1248272291.94 	3.80955700629 	-0.463666936798 	2.04752781894
1248272291.95 	3.8091715495 	-0.46292059792 	2.04366782262
1248272291.98 	3.80803749366 	-0.460703842293 	2.03220783355
1248272291.99 	3.80763101772 	-0.459886325391 	2.02804986455
1248272292.01 	3.80763101772 	-0.459886325391 	2.02804986455
1248272292.02 	3.80763101772 	-0.459886325391 	2.02804986455
1248272292.03 	3.8072328008 	-0.459076995326 	2.02394689514
1248272292.04 	3.80687380491 	-0.458339756786 	2.02022689869
1248272292.05 	3.80651755401 	-0.457601187888 	2.01652690222
1248272292.07 	3.80603772267 	-0.456596936882 	2.01652690222
1248272292.08 	3.80580923078 	-0.456118720488 	2.01652690222
1248272292.09 	3.80558073889 	-0.455640504095 	2.01652690222
1248272292.1 	3.80535224699 	-0.455162287701 	2.01652690222
1248272292.12 	3.8048724102 	-0.454158025294 	2.01652690222
1248272292.13 	3.80464391831 	-0.4536798089 	2.01652690222
1248272292.14 	3.80441542642 	-0.453201592507 	2.01652690222
1248272292.16 	3.80393559508 	-0.452197341501 	2.01652690222
1248272292.17 	3.80370710318 	-0.451719125107 	2.01652690222
1248272292.18 	3.80347861129 	-0.451240908714 	2.01652690222
1248272292.19 	3.8032501194 	-0.45076269232 	2.01652690222
1248272292.21 	3.80277028261 	-0.449758429913 	2.01652690222
1248272292.22 	3.80254179072 	-0.449280213519 	2.01652690222
1248272292.23 	3.80231329882 	-0.448801997126 	2.01652690222
1248272292.24 	3.80206195937 	-0.448275962513 	2.01652690222
1248272292.26 	3.80160497559 	-0.447319529726 	2.01652690222
1248272292.27 	3.8013764837 	-0.446841313333 	2.01652690222
1248272292.28 	3.8011251388 	-0.446315267319 	2.01652690222
1248272292.29 	3.80089664691 	-0.445837050925 	2.01652690222
1248272292.3 	3.80066815501 	-0.445358834532 	2.01652690222
1248272292.31 	3.80043966312 	-0.444880618138 	2.01652690222
1248272292.32 	3.80006028282 	-0.444086603629 	2.01266593101
1248272292.33 	3.79971817895 	-0.443363441323 	2.00915593435
1248272292.35 	3.79903905201 	-0.441914724059 	2.00217594101
1248272292.36 	3.79867109728 	-0.441115329701 	1.99833688643
1248272292.37 	3.7983393904 	-0.440387339781 	1.99485688974
1248272292.39 	3.79768104745 	-0.438929060083 	1.98795689632
1248272292.4 	3.79732450388 	-0.438124532184 	1.98417292454
1248272292.42 	3.79668177842 	-0.436659302135 	1.97731293108
1248272292.45 	3.79573278999 	-0.43445489519 	1.96696294095
1248272292.47 	3.79539320662 	-0.433643042275 	1.96315688684
1248272292.48 	3.79508731039 	-0.432903835759 	1.95964689018
1248272292.5 	3.7944807109 	-0.431423284449 	1.9526068969
1248272292.52 	3.79385474349 	-0.429864265465 	1.94519392921
1248272292.54 	3.79326960497 	-0.428375101933 	1.93813393595
1248272292.55 	3.7929822997 	-0.427628473204 	1.93463393929
1248272292.58 	3.79209975495 	-0.425310808589 	1.92384589149
1248272292.59 	3.79182314651 	-0.424560151179 	1.92038589479
1248272292.6 	3.79154913698 	-0.4238085412 	1.91692589809
1248272292.61 	3.79125059087 	-0.422980737677 	1.91311992647
1248272292.64 	3.79044496738 	-0.420719994479 	1.90273993637
1248272292.65 	3.79018426271 	-0.419963666606 	1.89929993965
1248272292.66 	3.7899003469 	-0.419130711726 	1.89554888632
1248272292.67 	3.78964827845 	-0.418382005971 	1.89216888954
1248272292.68 	3.78939874206 	-0.417632452504 	1.88882889273
1248272292.7 	3.78887997768 	-0.416056654127 	1.88189892294
1248272292.71 	3.78864121329 	-0.41531409746 	1.878688926
1248272292.74 	3.78816845416 	-0.413827458915 	1.878688926
1248272292.75 	3.78799510652 	-0.413282349844 	1.878688926
1248272292.77 	3.78767993376 	-0.412291257481 	1.878688926
1248272292.8 	3.78719141713 	-0.410755067861 	1.878688926
1248272292.81 	3.78703383075 	-0.410259521679 	1.878688926
1248272292.84 	3.78654531035 	-0.408723320245 	1.878688926
1248272292.85 	3.78638772398 	-0.408227774063 	1.878688926
1248272292.88 	3.78592405637 	-0.406769724721 	1.878688926
1248272292.9 	3.78564404084 	-0.405889187771 	1.87510097219
1248272293.01 	3.78564404084 	-0.405889187771 	1.87510097219
1248272293.02 	3.78564404084 	-0.405889187771 	1.87510097219
1248272293.03 	3.78564404084 	-0.405889187771 	1.87510097219
1248272293.04 	3.78564404084 	-0.405889187771 	1.87510097219
1248272293.05 	3.78564404084 	-0.405889187771 	1.87510097219
1248272293.06 	3.78564404084 	-0.405889187771 	1.87510097219
1248272293.07 	3.78564404084 	-0.405889187771 	1.87510097219
1248272293.08 	3.78564404084 	-0.405889187771 	1.87510097219
1248272293.09 	3.78564404084 	-0.405889187771 	1.87510097219
1248272293.1 	3.78564404084 	-0.405889187771 	1.87510097219
1248272293.11 	3.78564404084 	-0.405889187771 	1.87510097219
1248272293.12 	3.78541332609 	-0.405154565712 	1.87211097505
1248272293.13 	3.78518777663 	-0.404428806564 	1.86926097776
1248272293.14 	3.78494194476 	-0.403629755524 	1.86616993382
1248272293.15 	3.78472071102 	-0.402902669193 	1.86339993646
1248272293.17 	3.7842822733 	-0.401447276478 	1.85805994155
1248272293.18 	3.78412332689 	-0.400909268719 	1.85805994155
1248272293.19 	3.78397882923 	-0.400420167577 	1.85805994155
1248272293.21 	3.78368983389 	-0.399441965292 	1.85805994155
1248272293.22 	3.78354533622 	-0.39895286415 	1.85805994155
1248272293.23 	3.78338638637 	-0.39841484473 	1.85805994155
1248272293.24 	3.7832418887 	-0.397925743588 	1.85805994155
1248272293.25 	3.78309739103 	-0.397436642445 	1.85805994155
1248272293.26 	3.78295289336 	-0.396947541303 	1.85805994155
1248272293.27 	3.78279706356 	-0.396420082717 	1.85805994155
1248272293.3 	3.78237207041 	-0.394981549945 	1.85805994155
1248272293.31 	3.78223040603 	-0.394502039021 	1.85805994155
1248272293.32 	3.78207457622 	-0.393974580434 	1.85805994155
1248272293.33 	3.78193290846 	-0.393495058078 	1.85805994155
1248272293.34 	3.78179124408 	-0.393015547154 	1.85805994155
1248272293.36 	3.78163541428 	-0.392488088567 	1.85805994155
1248272293.38 	3.78135208551 	-0.39152906672 	1.85805994155
1248272293.4 	3.78092709237 	-0.390090533948 	1.85805994155
1248272293.42 	3.78077126256 	-0.389563075361 	1.85805994155
1248272293.43 	3.7806295948 	-0.389083553005 	1.85805994155
1248272293.45 	3.78034626604 	-0.388124531157 	1.85805994155
1248272293.46 	3.78019043623 	-0.387597072571 	1.85805994155
1248272293.49 	3.77976544309 	-0.386158539799 	1.85805994155
1248272293.5 	3.77962377871 	-0.385679028875 	1.85805994155
1248272293.51 	3.77948211432 	-0.385199517951 	1.85805994155
1248272293.53 	3.77918461676 	-0.384192537008 	1.85805994155
1248272293.55 	3.778901288 	-0.38323351516 	1.85805994155
1248272293.56 	3.77875962361 	-0.382754004236 	1.85805994155
1248272293.58 	3.77846212943 	-0.381747034726 	1.85805994155
1248272293.59 	3.77832046504 	-0.381267523802 	1.85805994155
1248272293.6 	3.77817880066 	-0.380788012878 	1.85805994155
