1248272272.896 	 3.57320660 	 -3.33295910 	 2.34130000 
1248272272.950 	 3.57325530 	 -3.33291030 	 2.34110000 
1248272272.952 	 3.57327140 	 -3.33290420 	 2.34110000 
1248272272.989 	 3.57328280 	 -3.33290020 	 2.34110000 
1248272272.998 	 3.57324540 	 -3.33287630 	 2.34070000 
1248272273.036 	 3.57324590 	 -3.33287720 	 2.34080000 
1248272273.059 	 3.57329280 	 -3.33290210 	 2.34080000 
1248272273.092 	 3.57330250 	 -3.33290570 	 2.34080000 
1248272273.132 	 3.57327220 	 -3.33289550 	 2.34190000 
1248272273.135 	 3.57323990 	 -3.33282020 	 2.34360000 
1248272273.173 	 3.57264480 	 -3.33209790 	 2.35340000 
1248272273.224 	 3.57105240 	 -3.33049910 	 2.36660000 
1248272273.243 	 3.57074570 	 -3.33013710 	 2.36940000 
1248272273.285 	 3.56942500 	 -3.32857870 	 2.38300000 
1248272273.331 	 3.56805650 	 -3.32740310 	 2.39560000 
1248272273.376 	 3.56705160 	 -3.32661660 	 2.40610000 
1248272273.429 	 3.56580200 	 -3.32532920 	 2.41520000 
1248272273.454 	 3.56355010 	 -3.32299060 	 2.42710000 
1248272273.495 	 3.56309830 	 -3.32252690 	 2.42960000 
1248272273.536 	 3.56156220 	 -3.32104610 	 2.43730000 
1248272273.538 	 3.56121960 	 -3.32072050 	 2.43850000 
1248272273.553 	 3.56005600 	 -3.31929730 	 2.44470000 
1248272273.574 	 3.55970980 	 -3.31887300 	 2.44680000 
1248272273.609 	 3.55766190 	 -3.31727910 	 2.45020000 
1248272273.649 	 3.55704570 	 -3.31698030 	 2.45000000 
1248272273.659 	 3.55504380 	 -3.31616190 	 2.44490000 
1248272273.704 	 3.55458250 	 -3.31578380 	 2.44550000 
1248272273.713 	 3.55298720 	 -3.31381500 	 2.45420000 
1248272273.745 	 3.55151100 	 -3.31081580 	 2.47990000 
1248272273.766 	 3.54995400 	 -3.30983920 	 2.48400000 
1248272273.770 	 3.54945960 	 -3.30947910 	 2.48570000 
1248272273.857 	 3.54422200 	 -3.30583520 	 2.50910000 
1248272273.878 	 3.54366240 	 -3.30543520 	 2.51090000 
1248272273.958 	 3.53848750 	 -3.30163500 	 2.52550000 
1248272274.017 	 3.53513650 	 -3.29944080 	 2.52600000 
1248272274.024 	 3.53471190 	 -3.29912410 	 2.52630000 
1248272274.073 	 3.53308880 	 -3.29721630 	 2.53120000 
1248272274.112 	 3.53052000 	 -3.29569760 	 2.52850000 
1248272274.124 	 3.52962520 	 -3.29533820 	 2.52580000 
1248272274.170 	 3.52687260 	 -3.29366690 	 2.52010000 
1248272274.172 	 3.52646170 	 -3.29323170 	 2.52150000 
1248272274.219 	 3.52460430 	 -3.29100820 	 2.52970000 
1248272274.255 	 3.52406520 	 -3.29058480 	 2.53030000 
1248272274.276 	 3.52118250 	 -3.28904610 	 2.52880000 
1248272274.328 	 3.51774080 	 -3.28706570 	 2.52380000 
1248272274.363 	 3.51731500 	 -3.28669750 	 2.52330000 
1248272274.383 	 3.51551070 	 -3.28495020 	 2.52340000 
1248272274.397 	 3.51510900 	 -3.28448670 	 2.52460000 
1248272274.436 	 3.51284800 	 -3.28266000 	 2.52780000 
1248272274.440 	 3.51210640 	 -3.28225550 	 2.52690000 
1248272274.492 	 3.50924480 	 -3.28076500 	 2.52210000 
1248272274.540 	 3.50677540 	 -3.27850130 	 2.52400000 
1248272274.574 	 3.50651730 	 -3.27813360 	 2.52570000 
1248272274.596 	 3.50453040 	 -3.27651060 	 2.52770000 
1248272274.647 	 3.50035810 	 -3.27492820 	 2.52110000 
1248272274.724 	 3.49867850 	 -3.27252920 	 2.52410000 
1248272274.727 	 3.49843020 	 -3.27211090 	 2.52530000 
1248272274.745 	 3.49622480 	 -3.27027380 	 2.52600000 
1248272274.763 	 3.49538300 	 -3.26986310 	 2.52470000 
1248272274.803 	 3.49198870 	 -3.26839240 	 2.52120000 
1248272274.853 	 3.48981230 	 -3.26660880 	 2.52080000 
1248272274.900 	 3.48794030 	 -3.26454630 	 2.52220000 
1248272274.946 	 3.48740400 	 -3.26409530 	 2.52290000 
1248272275.002 	 3.48128550 	 -3.26085130 	 2.51820000 
1248272275.017 	 3.48077480 	 -3.26050010 	 2.51780000 
1248272275.060 	 3.47877730 	 -3.25846220 	 2.52070000 
1248272275.102 	 3.47846840 	 -3.25799820 	 2.52150000 
1248272275.120 	 3.47570160 	 -3.25599640 	 2.52090000 
1248272275.158 	 3.47490730 	 -3.25569520 	 2.52000000 
1248272275.179 	 3.47209310 	 -3.25448720 	 2.51790000 
1248272275.186 	 3.47164800 	 -3.25409480 	 2.51850000 
1248272275.252 	 3.46996480 	 -3.25175020 	 2.52190000 
1248272275.297 	 3.46566790 	 -3.24946700 	 2.51920000 
1248272275.351 	 3.46262490 	 -3.24793510 	 2.51740000 
1248272275.354 	 3.46232280 	 -3.24747450 	 2.51850000 
1248272275.399 	 3.46045000 	 -3.24490130 	 2.52200000 
1248272275.433 	 3.45988170 	 -3.24441480 	 2.52200000 
1248272275.455 	 3.45686940 	 -3.24312370 	 2.52050000 
1248272275.509 	 3.45372960 	 -3.24164390 	 2.51890000 
1248272275.560 	 3.45111840 	 -3.23873920 	 2.51940000 
1248272275.596 	 3.45061530 	 -3.23830760 	 2.51980000 
1248272275.620 	 3.44751360 	 -3.23674200 	 2.52050000 
1248272275.662 	 3.44673110 	 -3.23647190 	 2.51960000 
1248272275.705 	 3.44359340 	 -3.23472340 	 2.51550000 
1248272275.727 	 3.44213730 	 -3.23288750 	 2.51840000 
1248272275.780 	 3.43898000 	 -3.23041070 	 2.52040000 
1248272275.815 	 3.43807990 	 -3.23011580 	 2.51930000 
1248272275.836 	 3.43482740 	 -3.22898730 	 2.51590000 
1248272275.839 	 3.43434360 	 -3.22862800 	 2.51640000 
1248272275.893 	 3.43368450 	 -3.22637910 	 2.52270000 
1248272275.925 	 3.43331560 	 -3.22587360 	 2.52320000 
1248272275.948 	 3.42866820 	 -3.22365300 	 2.51980000 
1248272275.991 	 3.42759540 	 -3.22330080 	 2.51920000 
1248272276.055 	 3.42311520 	 -3.22008910 	 2.51810000 
1248272276.062 	 3.42271920 	 -3.21962030 	 2.51850000 
1248272276.114 	 3.42002680 	 -3.21754050 	 2.52100000 
1248272276.195 	 3.41642320 	 -3.21572740 	 2.51830000 
1248272276.198 	 3.41582820 	 -3.21528910 	 2.51790000 
1248272276.241 	 3.41363270 	 -3.21294470 	 2.52080000 
1248272276.243 	 3.41334350 	 -3.21252240 	 2.52220000 
1248272276.298 	 3.41077280 	 -3.21098210 	 2.52330000 
1248272276.338 	 3.40608070 	 -3.20932190 	 2.51800000 
1248272276.377 	 3.40554080 	 -3.20877640 	 2.51880000 
1248272276.388 	 3.40462600 	 -3.20653940 	 2.52330000 
1248272276.432 	 3.40444650 	 -3.20608180 	 2.52430000 
1248272276.446 	 3.40245570 	 -3.20464810 	 2.52440000 
1248272276.461 	 3.40159590 	 -3.20440270 	 2.52270000 
1248272276.502 	 3.39782420 	 -3.20316910 	 2.51790000 
1248272276.523 	 3.39746050 	 -3.20277160 	 2.51830000 
1248272276.560 	 3.39588960 	 -3.20028850 	 2.52350000 
1248272276.602 	 3.39536960 	 -3.19977500 	 2.52370000 
1248272276.645 	 3.39160640 	 -3.19763130 	 2.52280000 
1248272276.675 	 3.38807560 	 -3.19546320 	 2.52280000 
1248272276.714 	 3.38766380 	 -3.19503990 	 2.52250000 
1248272276.756 	 3.38615460 	 -3.19320430 	 2.52380000 
1248272276.790 	 3.38237120 	 -3.19105330 	 2.52410000 
1248272276.828 	 3.38160140 	 -3.19077120 	 2.52320000 
1248272276.868 	 3.37855940 	 -3.18875040 	 2.51860000 
1248272276.871 	 3.37822510 	 -3.18825570 	 2.51920000 
1248272276.916 	 3.37680780 	 -3.18602890 	 2.52520000 
1248272276.919 	 3.37631900 	 -3.18561290 	 2.52620000 
1248272276.980 	 3.37179480 	 -3.18417020 	 2.52170000 
1248272277.032 	 3.36861620 	 -3.18186090 	 2.52200000 
1248272277.067 	 3.36849980 	 -3.18143260 	 2.52330000 
1248272277.091 	 3.36679680 	 -3.17918890 	 2.52740000 
1248272277.134 	 3.36600680 	 -3.17880070 	 2.52680000 
1248272277.177 	 3.36186180 	 -3.17711260 	 2.52320000 
1248272277.190 	 3.35990080 	 -3.17570020 	 2.52310000 
1248272277.212 	 3.35955870 	 -3.17531460 	 2.52340000 
1248272277.245 	 3.35759710 	 -3.17301760 	 2.52720000 
1248272277.289 	 3.35702090 	 -3.17259130 	 2.52770000 
1248272277.325 	 3.35233660 	 -3.17092310 	 2.52140000 
1248272277.384 	 3.34982710 	 -3.16893350 	 2.52220000 
1248272277.446 	 3.34768740 	 -3.16592680 	 2.52650000 
1248272277.497 	 3.34220740 	 -3.16444710 	 2.52090000 
1248272277.560 	 3.34023770 	 -3.16183490 	 2.52840000 
1248272277.619 	 3.33749130 	 -3.15932260 	 2.52940000 
1248272277.677 	 3.33278120 	 -3.15831760 	 2.52360000 
1248272277.718 	 3.33235520 	 -3.15795790 	 2.52440000 
1248272277.732 	 3.33078050 	 -3.15514220 	 2.52740000 
1248272277.767 	 3.33035540 	 -3.15457570 	 2.52750000 
1248272277.785 	 3.32769650 	 -3.15313560 	 2.52670000 
1248272277.821 	 3.32688550 	 -3.15296540 	 2.52640000 
1248272277.871 	 3.32352860 	 -3.15184090 	 2.52380000 
1248272277.881 	 3.32219520 	 -3.15002580 	 2.52350000 
1248272277.919 	 3.32189730 	 -3.14948580 	 2.52440000 
1248272277.959 	 3.31911790 	 -3.14705220 	 2.52750000 
1248272278.005 	 3.31450340 	 -3.14565570 	 2.52100000 
1248272278.056 	 3.31241150 	 -3.14284200 	 2.52530000 
1248272278.080 	 3.31199900 	 -3.14223310 	 2.52640000 
1248272278.118 	 3.30939140 	 -3.14021970 	 2.52740000 
1248272278.128 	 3.30851770 	 -3.13993500 	 2.52650000 
1248272278.169 	 3.30479730 	 -3.13853980 	 2.52370000 
1248272278.211 	 3.30441590 	 -3.13807430 	 2.52440000 
1248272278.222 	 3.30338630 	 -3.13581610 	 2.53020000 
1248272278.275 	 3.30040910 	 -3.13364820 	 2.53110000 
1248272278.332 	 3.29599670 	 -3.13205910 	 2.52540000 
1248272278.382 	 3.29394270 	 -3.12978900 	 2.52800000 
1248272278.415 	 3.29356860 	 -3.12924020 	 2.52910000 
1248272278.458 	 3.29167890 	 -3.12742580 	 2.53040000 
1248272278.461 	 3.29108390 	 -3.12716540 	 2.52990000 
1248272278.479 	 3.28845900 	 -3.12655210 	 2.52600000 
1248272278.516 	 3.28775420 	 -3.12632230 	 2.52490000 
1248272278.539 	 3.28486990 	 -3.12415470 	 2.52500000 
1248272278.577 	 3.28449990 	 -3.12360280 	 2.52610000 
1248272278.588 	 3.28322450 	 -3.12152740 	 2.52930000 
1248272278.632 	 3.28275170 	 -3.12112860 	 2.52940000 
1248272278.714 	 3.27600290 	 -3.11851620 	 2.52150000 
1248272278.744 	 3.27443890 	 -3.11544890 	 2.52820000 
1248272278.780 	 3.27396050 	 -3.11501270 	 2.52850000 
1248272278.822 	 3.27084580 	 -3.11371850 	 2.52660000 
1248272278.846 	 3.26711910 	 -3.11204680 	 2.52490000 
1248272278.888 	 3.26669690 	 -3.11160560 	 2.52570000 
1248272278.898 	 3.26556630 	 -3.10974200 	 2.52680000 
1248272278.943 	 3.26519890 	 -3.10926560 	 2.52700000 
1248272278.987 	 3.26192920 	 -3.10740830 	 2.52560000 
1248272279.040 	 3.25832680 	 -3.10607740 	 2.52140000 
1248272279.051 	 3.25658750 	 -3.10414250 	 2.52390000 
1248272279.090 	 3.25619840 	 -3.10358360 	 2.52480000 
1248272279.099 	 3.25456360 	 -3.10177080 	 2.52670000 
1248272279.138 	 3.25402420 	 -3.10146460 	 2.52680000 
1248272279.191 	 3.25021360 	 -3.10016180 	 2.52340000 
1248272279.233 	 3.24721120 	 -3.09801820 	 2.52360000 
1248272279.244 	 3.24599130 	 -3.09589540 	 2.52910000 
1248272279.282 	 3.24550560 	 -3.09545020 	 2.52980000 
1248272279.334 	 3.24164840 	 -3.09367290 	 2.52770000 
1248272279.367 	 3.23914330 	 -3.09155260 	 2.52590000 
1248272279.412 	 3.23709290 	 -3.08832520 	 2.52850000 
1248272279.448 	 3.23649260 	 -3.08803370 	 2.52800000 
1248272279.495 	 3.23285000 	 -3.08710470 	 2.52380000 
1248272279.506 	 3.23062810 	 -3.08561670 	 2.52480000 
1248272279.524 	 3.23015900 	 -3.08514150 	 2.52480000 
1248272279.572 	 3.22853050 	 -3.08318400 	 2.52540000 
1248272279.574 	 3.22818860 	 -3.08276450 	 2.52590000 
1248272279.623 	 3.22574530 	 -3.08099710 	 2.53050000 
1248272279.676 	 3.22185670 	 -3.07938400 	 2.52570000 
1248272279.693 	 3.22123540 	 -3.07893720 	 2.52540000 
1248272279.734 	 3.21955620 	 -3.07633050 	 2.52980000 
1248272279.783 	 3.21706450 	 -3.07439960 	 2.53200000 
1248272279.835 	 3.21289280 	 -3.07291070 	 2.52580000 
1248272279.884 	 3.21090290 	 -3.07062200 	 2.52950000 
1248272279.897 	 3.21062230 	 -3.07013810 	 2.53080000 
1248272279.943 	 3.20812130 	 -3.06809020 	 2.53170000 
1248272279.979 	 3.20731070 	 -3.06778950 	 2.53070000 
1248272280.033 	 3.20353590 	 -3.06623770 	 2.52720000 
1248272280.048 	 3.20184560 	 -3.06452130 	 2.52860000 
1248272280.075 	 3.20146890 	 -3.06401480 	 2.52930000 
1248272280.096 	 3.19978030 	 -3.06208870 	 2.53210000 
1248272280.144 	 3.19642110 	 -3.06066370 	 2.52980000 
1248272280.148 	 3.19565460 	 -3.06039750 	 2.52850000 
1248272280.201 	 3.19307480 	 -3.05910870 	 2.52250000 
1248272280.226 	 3.19260580 	 -3.05870330 	 2.52210000 
1248272280.267 	 3.19125650 	 -3.05658870 	 2.52820000 
1248272280.306 	 3.18839180 	 -3.05465040 	 2.52940000 
1248272280.354 	 3.18441350 	 -3.05325020 	 2.52150000 
1248272280.410 	 3.18228320 	 -3.05034810 	 2.52850000 
1248272280.463 	 3.17885570 	 -3.04794880 	 2.52790000 
1248272280.505 	 3.17524920 	 -3.04619890 	 2.52440000 
1248272280.527 	 3.17478300 	 -3.04577810 	 2.52490000 
1248272280.571 	 3.17303360 	 -3.04349510 	 2.52900000 
1248272280.591 	 3.17256360 	 -3.04302990 	 2.52990000 
1248272280.649 	 3.16860820 	 -3.04098480 	 2.52800000 
1248272280.690 	 3.16605950 	 -3.03961030 	 2.52460000 
1248272280.725 	 3.16570590 	 -3.03921400 	 2.52480000 
1248272280.747 	 3.16416670 	 -3.03709620 	 2.53090000 
1248272280.800 	 3.16039450 	 -3.03485310 	 2.52920000 
1248272280.835 	 3.15962340 	 -3.03465910 	 2.52750000 
1248272280.855 	 3.15709640 	 -3.03360220 	 2.52350000 
1248272280.871 	 3.15666650 	 -3.03315030 	 2.52430000 
1248272280.908 	 3.15491230 	 -3.03038510 	 2.53040000 
1248272280.949 	 3.15445890 	 -3.02990050 	 2.53130000 
1248272280.992 	 3.15026170 	 -3.02835940 	 2.52570000 
1248272281.016 	 3.14777310 	 -3.02702390 	 2.52370000 
1248272281.058 	 3.14730860 	 -3.02652790 	 2.52460000 
1248272281.071 	 3.14573390 	 -3.02435660 	 2.52880000 
1248272281.111 	 3.14530680 	 -3.02383140 	 2.52950000 
1248272281.152 	 3.14213370 	 -3.02206200 	 2.52920000 
1248272281.165 	 3.13930100 	 -3.02099670 	 2.52610000 
1248272281.190 	 3.13877040 	 -3.02066910 	 2.52570000 
1248272281.214 	 3.13732250 	 -3.01875860 	 2.52750000 
1248272281.257 	 3.13699320 	 -3.01823910 	 2.52850000 
1248272281.291 	 3.13496950 	 -3.01648030 	 2.53030000 
1248272281.317 	 3.13148080 	 -3.01548570 	 2.52410000 
1248272281.336 	 3.13086840 	 -3.01515140 	 2.52300000 
1248272281.375 	 3.12900150 	 -3.01323770 	 2.52410000 
1248272281.379 	 3.12860340 	 -3.01271260 	 2.52550000 
1248272281.430 	 3.12626400 	 -3.01054540 	 2.53000000 
1248272281.468 	 3.12339050 	 -3.00943760 	 2.52570000 
1248272281.485 	 3.12261650 	 -3.00913130 	 2.52420000 
1248272281.545 	 3.11961660 	 -3.00692570 	 2.52300000 
1248272281.590 	 3.11827460 	 -3.00512810 	 2.52590000 
1248272281.633 	 3.11459910 	 -3.00278440 	 2.52620000 
1248272281.678 	 3.11176200 	 -3.00164860 	 2.52360000 
1248272281.724 	 3.10963440 	 -2.99960930 	 2.52600000 
1248272281.737 	 3.10925570 	 -2.99915460 	 2.52670000 
1248272281.789 	 3.10718900 	 -2.99736460 	 2.52960000 
1248272281.829 	 3.10401020 	 -2.99582650 	 2.52730000 
1248272281.886 	 3.10085610 	 -2.99355280 	 2.52400000 
1248272281.933 	 3.09905930 	 -2.99115630 	 2.53030000 
1248272281.939 	 3.09861490 	 -2.99076510 	 2.53110000 
1248272281.994 	 3.09582840 	 -2.98993620 	 2.52640000 
1248272282.036 	 3.09211390 	 -2.98805020 	 2.52340000 
1248272282.053 	 3.09167260 	 -2.98754000 	 2.52410000 
1248272282.092 	 3.09045200 	 -2.98549310 	 2.52830000 
1248272282.094 	 3.09011220 	 -2.98511360 	 2.52840000 
1248272282.144 	 3.08769910 	 -2.98377710 	 2.52630000 
1248272282.149 	 3.08686560 	 -2.98344320 	 2.52580000 
1248272282.188 	 3.08370250 	 -2.98205240 	 2.52450000 
1248272282.239 	 3.08189670 	 -2.98042060 	 2.52580000 
1248272282.288 	 3.07974230 	 -2.97780170 	 2.53400000 
1248272282.291 	 3.07914780 	 -2.97734620 	 2.53570000 
1248272282.332 	 3.07620070 	 -2.97627180 	 2.53880000 
1248272282.381 	 3.07300140 	 -2.97475440 	 2.54190000 
1248272282.384 	 3.07257370 	 -2.97421460 	 2.54400000 
1248272282.429 	 3.07071260 	 -2.97153200 	 2.55860000 
1248272282.475 	 3.06822130 	 -2.97104140 	 2.55920000 
1248272282.485 	 3.06751780 	 -2.97092920 	 2.55940000 
1248272282.535 	 3.06472020 	 -2.96880120 	 2.56550000 
1248272282.589 	 3.06224910 	 -2.96650820 	 2.57090000 
1248272282.616 	 3.05894910 	 -2.96494420 	 2.57740000 
1248272282.657 	 3.05843560 	 -2.96473890 	 2.57900000 
1248272282.668 	 3.05683080 	 -2.96341260 	 2.58660000 
1248272282.709 	 3.05645840 	 -2.96302330 	 2.58820000 
1248272282.720 	 3.05408510 	 -2.96163080 	 2.59030000 
1248272282.768 	 3.05326610 	 -2.96130870 	 2.58950000 
1248272282.831 	 3.04791920 	 -2.95743960 	 2.59920000 
1248272282.854 	 3.04762590 	 -2.95698680 	 2.60100000 
1248272282.898 	 3.04569220 	 -2.95591140 	 2.60370000 
1248272282.915 	 3.04213530 	 -2.95520170 	 2.60090000 
1248272282.955 	 3.04147160 	 -2.95478930 	 2.60130000 
1248272282.994 	 3.03901840 	 -2.95215940 	 2.60740000 
1248272283.036 	 3.03580280 	 -2.95021390 	 2.60910000 
1248272283.084 	 3.03291400 	 -2.94918250 	 2.61070000 
1248272283.129 	 3.02967620 	 -2.94667980 	 2.61300000 
1248272283.181 	 3.02617450 	 -2.94513870 	 2.60810000 
1248272283.236 	 3.02381660 	 -2.94362640 	 2.60800000 
1248272283.243 	 3.02330420 	 -2.94323020 	 2.60780000 
1248272283.294 	 3.01957330 	 -2.94089020 	 2.60520000 
1248272283.382 	 3.01381120 	 -2.93788730 	 2.60040000 
1248272283.436 	 3.01120370 	 -2.93626440 	 2.59880000 
1248272283.483 	 3.00765760 	 -2.93389590 	 2.59960000 
1248272283.516 	 3.00486140 	 -2.93264370 	 2.59450000 
1248272283.545 	 3.00431370 	 -2.93231760 	 2.59380000 
1248272283.571 	 3.00193390 	 -2.93106660 	 2.59260000 
1248272283.608 	 3.00125750 	 -2.93061170 	 2.59330000 
1248272283.661 	 2.99802550 	 -2.92781950 	 2.59900000 
1248272283.710 	 2.99492640 	 -2.92652940 	 2.59680000 
1248272283.760 	 2.99176170 	 -2.92520470 	 2.59570000 
1248272283.813 	 2.98877710 	 -2.92246590 	 2.60580000 
1248272283.859 	 2.98631360 	 -2.92121210 	 2.61890000 
1248272283.883 	 2.98459680 	 -2.92078980 	 2.62730000 
1248272283.910 	 2.98419860 	 -2.92051680 	 2.63040000 
1248272283.969 	 2.97945510 	 -2.91760310 	 2.65300000 
1248272284.001 	 2.97882910 	 -2.91734790 	 2.65520000 
1248272284.043 	 2.97644550 	 -2.91586320 	 2.66620000 
1248272284.080 	 2.97341550 	 -2.91452720 	 2.67670000 
1248272284.086 	 2.97292900 	 -2.91434620 	 2.67890000 
1248272284.133 	 2.97140240 	 -2.91319590 	 2.69150000 
1248272284.179 	 2.96847190 	 -2.91182880 	 2.71040000 
1248272284.215 	 2.96789380 	 -2.91176950 	 2.71270000 
1248272284.237 	 2.96580920 	 -2.91091530 	 2.72280000 
1248272284.290 	 2.96241840 	 -2.90891090 	 2.73550000 
1248272284.343 	 2.95954800 	 -2.90801310 	 2.74270000 
1248272284.393 	 2.95686520 	 -2.90643190 	 2.75780000 
1248272284.436 	 2.95386730 	 -2.90553860 	 2.76560000 
1248272284.485 	 2.95070470 	 -2.90430260 	 2.77750000 
1248272284.536 	 2.94783560 	 -2.90277910 	 2.79030000 
1248272284.589 	 2.94527260 	 -2.90218690 	 2.80160000 
1248272284.592 	 2.94473680 	 -2.90202140 	 2.80430000 
1248272284.649 	 2.94239100 	 -2.90095950 	 2.81610000 
1248272284.693 	 2.93838140 	 -2.89956300 	 2.83220000 
1248272284.741 	 2.93575540 	 -2.89864940 	 2.84180000 
1248272284.784 	 2.93253050 	 -2.89730650 	 2.85160000 
1248272284.842 	 2.92917510 	 -2.89676260 	 2.86000000 
1248272284.877 	 2.92657700 	 -2.89522060 	 2.87740000 
1248272284.911 	 2.92600530 	 -2.89508360 	 2.87970000 
1248272284.949 	 2.92355170 	 -2.89487080 	 2.88860000 
1248272285.001 	 2.92005000 	 -2.89321560 	 2.90800000 
1248272285.004 	 2.91946590 	 -2.89298400 	 2.91050000 
1248272285.057 	 2.91693570 	 -2.89269140 	 2.91760000 
1248272285.099 	 2.91309290 	 -2.89197420 	 2.92530000 
1248272285.142 	 2.90950480 	 -2.89064500 	 2.93320000 
1248272285.156 	 2.90889120 	 -2.89059170 	 2.93450000 
1248272285.214 	 2.90607160 	 -2.89002170 	 2.94730000 
1248272285.261 	 2.90373650 	 -2.88877930 	 2.95860000 
1248272285.304 	 2.89914250 	 -2.88879340 	 2.96170000 
1248272285.343 	 2.89601130 	 -2.88809320 	 2.96040000 
1248272285.402 	 2.89267940 	 -2.88708000 	 2.95920000 
1248272285.461 	 2.88995940 	 -2.88694380 	 2.96060000 
1248272285.503 	 2.88647870 	 -2.88617700 	 2.96260000 
1248272285.513 	 2.88572580 	 -2.88594480 	 2.96240000 
1248272285.555 	 2.88265530 	 -2.88539890 	 2.96100000 
1248272285.601 	 2.87882270 	 -2.88492520 	 2.96280000 
1248272285.637 	 2.87694010 	 -2.88449340 	 2.96220000 
1248272285.673 	 2.87635210 	 -2.88436550 	 2.96140000 
1248272285.726 	 2.87241720 	 -2.88347670 	 2.96060000 
1248272285.759 	 2.86956460 	 -2.88307650 	 2.96050000 
1248272285.785 	 2.86670630 	 -2.88264770 	 2.96210000 
1248272285.828 	 2.86605750 	 -2.88242100 	 2.96330000 
1248272285.880 	 2.86211590 	 -2.88153480 	 2.96440000 
1248272285.929 	 2.85878020 	 -2.88142650 	 2.96020000 
1248272285.940 	 2.85705490 	 -2.88082300 	 2.96140000 
1248272285.980 	 2.85648390 	 -2.88060160 	 2.96190000 
1248272286.133 	 2.85272100 	 -2.87971530 	 2.96180000 
1248272286.209 	 2.84116200 	 -2.87778400 	 2.95930000 
1248272286.235 	 2.83717730 	 -2.87715310 	 2.96010000 
1248272286.263 	 2.83661010 	 -2.87703290 	 2.96020000 
1248272286.310 	 2.83460550 	 -2.87657390 	 2.96130000 
1248272286.348 	 2.83125130 	 -2.87606230 	 2.96010000 
1248272286.385 	 2.82818680 	 -2.87536490 	 2.96050000 
1248272286.402 	 2.82641430 	 -2.87511020 	 2.95910000 
1248272286.410 	 2.82593280 	 -2.87516040 	 2.95820000 
1248272286.432 	 2.82547990 	 -2.87516320 	 2.95780000 
1248272286.435 	 2.82503210 	 -2.87505310 	 2.95770000 
1248272286.447 	 2.82394330 	 -2.87478840 	 2.95740000 
1248272286.455 	 2.82325070 	 -2.87463010 	 2.95730000 
1248272286.485 	 2.82250220 	 -2.87442980 	 2.95770000 
1248272286.503 	 2.82009970 	 -2.87373530 	 2.95950000 
1248272286.532 	 2.81849890 	 -2.87345100 	 2.95960000 
1248272286.540 	 2.81775990 	 -2.87344480 	 2.95910000 
1248272286.553 	 2.81579660 	 -2.87320660 	 2.95950000 
1248272286.581 	 2.81516700 	 -2.87302170 	 2.95960000 
1248272286.585 	 2.81451500 	 -2.87281550 	 2.95970000 
1248272286.589 	 2.81390870 	 -2.87257250 	 2.95980000 
1248272286.602 	 2.81331450 	 -2.87236470 	 2.96040000 
1248272286.605 	 2.81274250 	 -2.87227580 	 2.96060000 
1248272286.631 	 2.81212080 	 -2.87221180 	 2.96070000 
1248272286.652 	 2.81010210 	 -2.87196430 	 2.95970000 
1248272286.682 	 2.80863680 	 -2.87167490 	 2.95910000 
1248272286.697 	 2.80619060 	 -2.87114980 	 2.96030000 
1248272286.706 	 2.80538320 	 -2.87104340 	 2.96050000 
1248272286.735 	 2.80463820 	 -2.87091890 	 2.96100000 
1248272286.752 	 2.80285630 	 -2.87058480 	 2.96240000 
1248272286.755 	 2.80228200 	 -2.87044600 	 2.96290000 
1248272286.782 	 2.80167580 	 -2.87030610 	 2.96330000 
1248272286.788 	 2.80105070 	 -2.87018830 	 2.96360000 
1248272286.803 	 2.79906610 	 -2.86981960 	 2.96440000 
1248272286.831 	 2.79833500 	 -2.86967540 	 2.96450000 
1248272286.836 	 2.79750800 	 -2.86949140 	 2.96480000 
1248272286.869 	 2.79675630 	 -2.86927730 	 2.95700000 
1248272286.886 	 2.79417500 	 -2.86887380 	 2.95750000 
1248272286.916 	 2.79266740 	 -2.86884320 	 2.95740000 
1248272286.931 	 2.79097910 	 -2.86803540 	 2.96180000 
1248272286.940 	 2.79051480 	 -2.86800320 	 2.96170000 
1248272286.970 	 2.78958030 	 -2.86802920 	 2.95920000 
1248272286.977 	 2.78900550 	 -2.86799510 	 2.95810000 
1248272286.986 	 2.78770530 	 -2.86788420 	 2.95560000 
1248272287.016 	 2.78685210 	 -2.86787190 	 2.95520000 
1248272287.037 	 2.78348500 	 -2.86704620 	 2.95820000 
1248272287.066 	 2.78264630 	 -2.86692800 	 2.95900000 
1248272287.086 	 2.77949860 	 -2.86639450 	 2.96190000 
1248272287.118 	 2.77883390 	 -2.86628790 	 2.96250000 
1248272287.127 	 2.77701840 	 -2.86593950 	 2.96430000 
1248272287.151 	 2.77639160 	 -2.86580480 	 2.96410000 
1248272287.160 	 2.77572460 	 -2.86566050 	 2.96370000 
1248272287.174 	 2.77504050 	 -2.86550440 	 2.96340000 
1248272287.177 	 2.77440110 	 -2.86539050 	 2.96280000 
1248272287.206 	 2.77309130 	 -2.86531420 	 2.96120000 
1248272287.222 	 2.77066960 	 -2.86483120 	 2.96030000 
1248272287.250 	 2.77009990 	 -2.86469690 	 2.96040000 
1248272287.258 	 2.76900980 	 -2.86447900 	 2.96000000 
1248272287.271 	 2.76850840 	 -2.86446400 	 2.95930000 
1248272287.299 	 2.76798940 	 -2.86444520 	 2.95860000 
1248272287.305 	 2.76687080 	 -2.86428510 	 2.95740000 
1248272287.320 	 2.76625910 	 -2.86425140 	 2.95660000 
1248272287.324 	 2.76559880 	 -2.86418030 	 2.95600000 
1248272287.353 	 2.76449650 	 -2.86395600 	 2.95200000 
1248272287.362 	 2.76369390 	 -2.86382510 	 2.95160000 
1248272287.385 	 2.76197050 	 -2.86338240 	 2.95260000 
1248272287.399 	 2.75952020 	 -2.86278380 	 2.95620000 
1248272287.408 	 2.75876760 	 -2.86247280 	 2.95820000 
1248272287.432 	 2.75813510 	 -2.86239280 	 2.95850000 
1248272287.435 	 2.75758070 	 -2.86234950 	 2.95830000 
1248272287.447 	 2.75655830 	 -2.86238330 	 2.95700000 
1248272287.455 	 2.75602270 	 -2.86238960 	 2.95620000 
1248272287.480 	 2.75545480 	 -2.86238940 	 2.95520000 
1248272287.491 	 2.75422150 	 -2.86210710 	 2.95410000 
1248272287.504 	 2.75282710 	 -2.86168380 	 2.95400000 
1248272287.532 	 2.75207810 	 -2.86146170 	 2.95440000 
1248272287.554 	 2.74966790 	 -2.86113690 	 2.95600000 
1248272287.584 	 2.74811210 	 -2.86088650 	 2.95750000 
1248272287.619 	 2.74555730 	 -2.86038400 	 2.96020000 
1248272287.632 	 2.74436140 	 -2.85998980 	 2.96090000 
1248272287.641 	 2.74311410 	 -2.85972190 	 2.95980000 
1248272287.658 	 2.74243540 	 -2.85956020 	 2.95890000 
1248272287.681 	 2.74173930 	 -2.85951670 	 2.95750000 
1248272287.685 	 2.74104690 	 -2.85951530 	 2.95590000 
1248272287.697 	 2.73977210 	 -2.85946330 	 2.95320000 
1248272287.705 	 2.73913030 	 -2.85940520 	 2.95310000 
1248272287.735 	 2.73851070 	 -2.85931730 	 2.95330000 
1248272287.743 	 2.73675950 	 -2.85885380 	 2.95430000 
1248272287.754 	 2.73617100 	 -2.85866040 	 2.95470000 
1248272287.785 	 2.73558220 	 -2.85845210 	 2.95540000 
1248272287.804 	 2.73292320 	 -2.85806830 	 2.95550000 
1248272287.833 	 2.73222440 	 -2.85799470 	 2.95530000 
1248272287.846 	 2.73015340 	 -2.85782470 	 2.95360000 
1248272287.870 	 2.72938970 	 -2.85762270 	 2.95380000 
1248272287.883 	 2.72778030 	 -2.85730370 	 2.95400000 
1248272287.892 	 2.72617220 	 -2.85688520 	 2.95610000 
1248272287.916 	 2.72546130 	 -2.85676640 	 2.95700000 
1248272287.931 	 2.72416150 	 -2.85643470 	 2.95930000 
1248272287.940 	 2.72362340 	 -2.85621600 	 2.96020000 
1248272287.969 	 2.72309630 	 -2.85610780 	 2.96030000 
1248272287.984 	 2.72143580 	 -2.85579240 	 2.95690000 
1248272287.988 	 2.72070400 	 -2.85566880 	 2.95630000 
1248272288.017 	 2.71993600 	 -2.85558950 	 2.95540000 
1248272288.038 	 2.71680900 	 -2.85498570 	 2.95460000 
1248272288.065 	 2.71619530 	 -2.85508440 	 2.95340000 
1248272288.075 	 2.71559020 	 -2.85484760 	 2.95400000 
1248272288.103 	 2.71389520 	 -2.85455840 	 2.95640000 
1248272288.122 	 2.71214640 	 -2.85417720 	 2.95800000 
1248272288.150 	 2.71107470 	 -2.85387690 	 2.95640000 
1248272288.167 	 2.70966760 	 -2.85357810 	 2.95620000 
1248272288.176 	 2.70808490 	 -2.85339940 	 2.95530000 
1248272288.204 	 2.70726340 	 -2.85328680 	 2.95510000 
1248272288.222 	 2.70497470 	 -2.85305210 	 2.95560000 
1248272288.251 	 2.70366800 	 -2.85286740 	 2.95650000 
1248272288.261 	 2.70173930 	 -2.85195110 	 2.96050000 
1248272288.271 	 2.70116160 	 -2.85173790 	 2.96140000 
1248272288.300 	 2.70062650 	 -2.85161870 	 2.96160000 
1248272288.308 	 2.69952850 	 -2.85147420 	 2.96100000 
1248272288.337 	 2.69915420 	 -2.85143440 	 2.95860000 
1248272288.355 	 2.69720140 	 -2.85133410 	 2.95650000 
1248272288.384 	 2.69565930 	 -2.85114280 	 2.95520000 
1248272288.401 	 2.69320750 	 -2.85059320 	 2.95600000 
1248272288.432 	 2.69192830 	 -2.85032160 	 2.95740000 
1248272288.447 	 2.69046970 	 -2.85014430 	 2.95850000 
1248272288.461 	 2.69001400 	 -2.84975210 	 2.95950000 
1248272288.464 	 2.68955880 	 -2.84965610 	 2.95930000 
1248272288.493 	 2.68909990 	 -2.84961190 	 2.95830000 
1248272288.502 	 2.68852600 	 -2.84952960 	 2.95770000 
1248272288.541 	 2.68625850 	 -2.84925570 	 2.95570000 
1248272288.550 	 2.68450160 	 -2.84902000 	 2.95720000 
1248272288.587 	 2.68222780 	 -2.84900040 	 2.95680000 
1248272288.595 	 2.68096460 	 -2.84873230 	 2.95630000 
1248272288.603 	 2.68045960 	 -2.84866450 	 2.95590000 
1248272288.626 	 2.67951400 	 -2.84823450 	 2.95630000 
1248272288.638 	 2.67829210 	 -2.84767530 	 2.95660000 
1248272288.656 	 2.67759200 	 -2.84754240 	 2.95590000 
1248272288.682 	 2.67612390 	 -2.84735890 	 2.95430000 
1248272288.698 	 2.67369330 	 -2.84730390 	 2.95330000 
1248272288.706 	 2.67292210 	 -2.84714870 	 2.95380000 
1248272288.738 	 2.67220120 	 -2.84692200 	 2.95480000 
1248272288.744 	 2.67156300 	 -2.84675400 	 2.95560000 
1248272288.753 	 2.67052110 	 -2.84645130 	 2.95640000 
1248272288.756 	 2.67012700 	 -2.84666000 	 2.95430000 
1248272288.784 	 2.66955270 	 -2.84644360 	 2.95500000 
1248272288.822 	 2.66703380 	 -2.84569230 	 2.95750000 
1248272288.839 	 2.66480910 	 -2.84527420 	 2.95770000 
1248272288.869 	 2.66419610 	 -2.84523840 	 2.95570000 
1248272288.884 	 2.66185600 	 -2.84495420 	 2.95470000 
1248272288.894 	 2.66044480 	 -2.84471160 	 2.95330000 
1248272288.923 	 2.65982460 	 -2.84455430 	 2.95330000 
1248272288.940 	 2.65838680 	 -2.84417470 	 2.95390000 
1248272288.969 	 2.65795620 	 -2.84412370 	 2.95340000 
1248272288.978 	 2.65690790 	 -2.84391370 	 2.95310000 
1248272288.989 	 2.65554100 	 -2.84371720 	 2.95290000 
1248272289.018 	 2.65478090 	 -2.84365680 	 2.95240000 
1248272289.030 	 2.65227610 	 -2.84316460 	 2.95230000 
1248272289.039 	 2.65146950 	 -2.84300680 	 2.95270000 
1248272289.072 	 2.65074190 	 -2.84297780 	 2.95240000 
1248272289.111 	 2.64747940 	 -2.84197060 	 2.95600000 
1248272289.123 	 2.64646660 	 -2.84179890 	 2.95640000 
1248272289.126 	 2.64598620 	 -2.84180030 	 2.95570000 
1248272289.150 	 2.64546490 	 -2.84181800 	 2.95460000 
1248272289.156 	 2.64488950 	 -2.84181840 	 2.95340000 
1248272289.166 	 2.64424270 	 -2.84183530 	 2.95220000 
1248272289.177 	 2.64277630 	 -2.84174050 	 2.95080000 
1248272289.206 	 2.64198400 	 -2.84162670 	 2.95070000 
1248272289.224 	 2.63971770 	 -2.84125460 	 2.95240000 
1248272289.253 	 2.63849150 	 -2.84075480 	 2.95560000 
1248272289.263 	 2.63759850 	 -2.84052020 	 2.95760000 
1248272289.265 	 2.63722680 	 -2.84035900 	 2.95820000 
1248272289.273 	 2.63688920 	 -2.84024170 	 2.95780000 
1248272289.303 	 2.63653660 	 -2.84023790 	 2.95670000 
1248272289.305 	 2.63615530 	 -2.84025030 	 2.95530000 
1248272289.337 	 2.63517510 	 -2.84010250 	 2.95400000 
1248272289.340 	 2.63458110 	 -2.83999190 	 2.95370000 
1248272289.352 	 2.63321000 	 -2.83990370 	 2.95380000 
1248272289.361 	 2.63245300 	 -2.83976460 	 2.95460000 
1248272289.365 	 2.63166530 	 -2.83961350 	 2.95550000 
1248272289.390 	 2.63087340 	 -2.83945910 	 2.95620000 
1248272289.399 	 2.63011400 	 -2.83923250 	 2.95720000 
1248272289.407 	 2.62890650 	 -2.83875960 	 2.95830000 
1248272289.431 	 2.62840900 	 -2.83867240 	 2.95810000 
1248272289.433 	 2.62797360 	 -2.83862690 	 2.95730000 
1248272289.436 	 2.62758270 	 -2.83864430 	 2.95620000 
1248272289.449 	 2.62722990 	 -2.83864930 	 2.95510000 
1248272289.459 	 2.62690850 	 -2.83887500 	 2.95370000 
1248272289.487 	 2.62656110 	 -2.83853240 	 2.95470000 
1248272289.490 	 2.62620920 	 -2.83848600 	 2.95460000 
1248272289.492 	 2.62579180 	 -2.83841080 	 2.95450000 
1248272289.496 	 2.62529100 	 -2.83829080 	 2.95420000 
1248272289.507 	 2.62471070 	 -2.83819840 	 2.95340000 
1248272289.535 	 2.62407560 	 -2.83813210 	 2.95260000 
1248272289.573 	 2.62103280 	 -2.83794330 	 2.95130000 
1248272289.591 	 2.61872740 	 -2.83729610 	 2.95370000 
1248272289.619 	 2.61806010 	 -2.83700880 	 2.95470000 
1248272289.635 	 2.61634360 	 -2.83630890 	 2.95080000 
1248272289.658 	 2.61509330 	 -2.83589580 	 2.93610000 
1248272289.683 	 2.61479010 	 -2.83594170 	 2.92920000 
1248272289.736 	 2.61293570 	 -2.83653440 	 2.89580000 
1248272289.742 	 2.61185360 	 -2.83635180 	 2.89020000 
1248272289.747 	 2.61120770 	 -2.83615000 	 2.88900000 
1248272289.757 	 2.61052660 	 -2.83589650 	 2.88820000 
1248272289.788 	 2.60986490 	 -2.83561870 	 2.88740000 
1248272289.791 	 2.60925350 	 -2.83534570 	 2.88600000 
1248272289.796 	 2.60869710 	 -2.83504560 	 2.88400000 
1248272289.801 	 2.60820140 	 -2.83483060 	 2.88070000 
1248272289.822 	 2.60778040 	 -2.83473630 	 2.87650000 
1248272289.837 	 2.60710220 	 -2.83474270 	 2.86830000 
1248272289.845 	 2.60647530 	 -2.83478090 	 2.86420000 
1248272289.875 	 2.60609330 	 -2.83469350 	 2.86440000 
1248272289.879 	 2.60562780 	 -2.83456060 	 2.86580000 
1248272289.883 	 2.60503410 	 -2.83441500 	 2.86800000 
1248272289.892 	 2.60431730 	 -2.83425890 	 2.87080000 
1248272289.922 	 2.60267070 	 -2.83386540 	 2.87650000 
1248272289.942 	 2.60016870 	 -2.83298240 	 2.87930000 
1248272289.971 	 2.59881340 	 -2.83240230 	 2.87700000 
1248272289.981 	 2.59712770 	 -2.83209170 	 2.87070000 
1248272289.991 	 2.59659480 	 -2.83208950 	 2.86860000 
1248272290.020 	 2.59607440 	 -2.83209080 	 2.86680000 
1248272290.023 	 2.59557610 	 -2.83207900 	 2.86540000 
1248272290.032 	 2.59469600 	 -2.83194000 	 2.86430000 
1248272290.056 	 2.59431270 	 -2.83181900 	 2.86480000 
1248272290.064 	 2.59395030 	 -2.83165720 	 2.86570000 
1248272290.074 	 2.59359200 	 -2.83145490 	 2.86690000 
1248272290.077 	 2.59321180 	 -2.83122550 	 2.86820000 
1248272290.103 	 2.59275590 	 -2.83090260 	 2.86980000 
1248272290.119 	 2.59094890 	 -2.83027230 	 2.87190000 
1248272290.127 	 2.59020440 	 -2.83016760 	 2.87170000 
1248272290.157 	 2.58939020 	 -2.83008210 	 2.87100000 
1248272290.164 	 2.58855350 	 -2.82998790 	 2.86980000 
1248272290.175 	 2.58700880 	 -2.82974100 	 2.86710000 
1248272290.204 	 2.58577150 	 -2.82943920 	 2.86500000 
1248272290.210 	 2.58530910 	 -2.82929800 	 2.86440000 
1248272290.212 	 2.58491700 	 -2.82916200 	 2.86420000 
1248272290.214 	 2.58455930 	 -2.82903250 	 2.86440000 
1248272290.224 	 2.58419070 	 -2.82891150 	 2.86470000 
1248272290.253 	 2.58377340 	 -2.82878500 	 2.86520000 
1248272290.258 	 2.58281460 	 -2.82853250 	 2.86600000 
1248272290.266 	 2.58230530 	 -2.82840060 	 2.86630000 
1248272290.291 	 2.58178080 	 -2.82824220 	 2.86670000 
1248272290.308 	 2.57994370 	 -2.82774990 	 2.86650000 
1248272290.338 	 2.57930210 	 -2.82757360 	 2.86580000 
1248272290.346 	 2.57798340 	 -2.82722830 	 2.86420000 
1248272290.353 	 2.57728780 	 -2.82705610 	 2.86360000 
1248272290.362 	 2.57585030 	 -2.82666080 	 2.86380000 
1248272290.391 	 2.57512000 	 -2.82643110 	 2.86450000 
1248272290.408 	 2.57318640 	 -2.82569810 	 2.86800000 
1248272290.438 	 2.57268780 	 -2.82550690 	 2.86890000 
1248272290.440 	 2.57225880 	 -2.82535840 	 2.86930000 
1248272290.442 	 2.57186700 	 -2.82525910 	 2.86910000 
1248272290.447 	 2.57147780 	 -2.82520780 	 2.86820000 
1248272290.458 	 2.57108020 	 -2.82518190 	 2.86690000 
1248272290.486 	 2.57067750 	 -2.82514690 	 2.86570000 
1248272290.490 	 2.57026140 	 -2.82508970 	 2.86480000 
1248272290.493 	 2.56980240 	 -2.82499320 	 2.86440000 
1248272290.496 	 2.56927350 	 -2.82484930 	 2.86440000 
1248272290.508 	 2.56867090 	 -2.82464970 	 2.86480000 
1248272290.538 	 2.56799820 	 -2.82439810 	 2.86570000 
1248272290.572 	 2.56503110 	 -2.82332970 	 2.87010000 
1248272290.587 	 2.56306950 	 -2.82300270 	 2.86920000 
1248272290.596 	 2.56251940 	 -2.82298140 	 2.86790000 
1248272290.626 	 2.56201890 	 -2.82297270 	 2.86640000 
1248272290.630 	 2.56117840 	 -2.82286780 	 2.86450000 
1248272290.642 	 2.56081440 	 -2.82274730 	 2.86440000 
1248272290.644 	 2.56045010 	 -2.82256750 	 2.86480000 
1248272290.659 	 2.56006060 	 -2.82234020 	 2.86530000 
1248272290.688 	 2.55960060 	 -2.82207100 	 2.86530000 
1248272290.709 	 2.55702550 	 -2.82140940 	 2.85040000 
1248272290.737 	 2.55635850 	 -2.82142230 	 2.84400000 
1248272290.758 	 2.55410030 	 -2.82112690 	 2.82540000 
1248272290.787 	 2.55368490 	 -2.82089160 	 2.82340000 
1248272290.790 	 2.55329250 	 -2.82060650 	 2.82210000 
1248272290.792 	 2.55285860 	 -2.82029120 	 2.82050000 
1248272290.796 	 2.55240580 	 -2.82002070 	 2.81840000 
1248272290.822 	 2.55192550 	 -2.81978470 	 2.81540000 
1248272290.837 	 2.55026350 	 -2.81938250 	 2.80270000 
1248272290.847 	 2.54963780 	 -2.81928720 	 2.79790000 
1248272290.876 	 2.54900800 	 -2.81917210 	 2.79320000 
1248272290.892 	 2.54729180 	 -2.81876050 	 2.78190000 
1248272290.895 	 2.54683130 	 -2.81862030 	 2.77910000 
1248272290.922 	 2.54641840 	 -2.81844170 	 2.77620000 
1248272290.930 	 2.54567860 	 -2.81799740 	 2.76930000 
1248272290.943 	 2.54531010 	 -2.81777640 	 2.76520000 
1248272290.971 	 2.54448570 	 -2.81743770 	 2.75610000 
1248272290.980 	 2.54344330 	 -2.81715910 	 2.74740000 
1248272290.993 	 2.54282730 	 -2.81695650 	 2.74360000 
1248272291.026 	 2.54102880 	 -2.81614230 	 2.73490000 
1248272291.029 	 2.54056450 	 -2.81590490 	 2.73230000 
1248272291.057 	 2.54014560 	 -2.81574850 	 2.72920000 
1248272291.070 	 2.53930360 	 -2.81565790 	 2.72040000 
1248272291.103 	 2.53810320 	 -2.81553700 	 2.70440000 
1248272291.119 	 2.53712480 	 -2.81485280 	 2.69630000 
1248272291.128 	 2.53695120 	 -2.81450550 	 2.69720000 
1248272291.158 	 2.53688670 	 -2.81415150 	 2.69960000 
1248272291.176 	 2.53721230 	 -2.81360710 	 2.70930000 
1248272291.205 	 2.53770880 	 -2.81384060 	 2.71270000 
1248272291.207 	 2.53793920 	 -2.81411140 	 2.71290000 
1248272291.209 	 2.53813390 	 -2.81443840 	 2.71210000 
1248272291.214 	 2.53828270 	 -2.81478460 	 2.71050000 
1248272291.226 	 2.53836180 	 -2.81511860 	 2.70840000 
1248272291.255 	 2.53835980 	 -2.81539800 	 2.70610000 
1248272291.258 	 2.53828890 	 -2.81558450 	 2.70410000 
1248272291.260 	 2.53815370 	 -2.81564210 	 2.70260000 
1248272291.263 	 2.53796970 	 -2.81557510 	 2.70190000 
1248272291.291 	 2.53775150 	 -2.81540240 	 2.70180000 
1248272291.296 	 2.53731380 	 -2.81490810 	 2.70300000 
1248272291.305 	 2.53717010 	 -2.81462780 	 2.70410000 
1248272291.313 	 2.53708610 	 -2.81436010 	 2.70530000 
1248272291.338 	 2.53706530 	 -2.81414630 	 2.70640000 
1248272291.340 	 2.53710580 	 -2.81401790 	 2.70730000 
1248272291.353 	 2.53716960 	 -2.81395160 	 2.70780000 
1248272291.355 	 2.53725140 	 -2.81392320 	 2.70810000 
1248272291.384 	 2.53731720 	 -2.81392890 	 2.70800000 
1248272291.387 	 2.53733690 	 -2.81394160 	 2.70780000 
1248272291.389 	 2.53729940 	 -2.81395730 	 2.70740000 
1248272291.398 	 2.53718080 	 -2.81397850 	 2.70680000 
1248272291.409 	 2.53698860 	 -2.81399680 	 2.70600000 
1248272291.437 	 2.53672950 	 -2.81399790 	 2.70520000 
1248272291.439 	 2.53640720 	 -2.81396690 	 2.70430000 
1248272291.445 	 2.53605080 	 -2.81391240 	 2.70350000 
1248272291.459 	 2.53567610 	 -2.81383960 	 2.70280000 
1248272291.466 	 2.53530350 	 -2.81373720 	 2.70230000 
1248272291.487 	 2.53493620 	 -2.81360370 	 2.70200000 
1248272291.491 	 2.53456630 	 -2.81343110 	 2.70180000 
1248272291.500 	 2.53419690 	 -2.81323120 	 2.70190000 
1248272291.525 	 2.53381850 	 -2.81301540 	 2.70180000 
1248272291.527 	 2.53341770 	 -2.81277430 	 2.70160000 
1248272291.544 	 2.53209180 	 -2.81236000 	 2.70100000 
1248272291.546 	 2.53169060 	 -2.81223180 	 2.70100000 
1248272291.572 	 2.53130780 	 -2.81210470 	 2.70110000 
1248272291.574 	 2.53093560 	 -2.81197640 	 2.70100000 
1248272291.577 	 2.53056090 	 -2.81183480 	 2.70110000 
1248272291.588 	 2.53017510 	 -2.81166970 	 2.70130000 
1248272291.598 	 2.52976840 	 -2.81146790 	 2.70170000 
1248272291.626 	 2.52933830 	 -2.81123190 	 2.70240000 
1248272291.643 	 2.52788320 	 -2.81029950 	 2.70560000 
1248272291.660 	 2.52686030 	 -2.80956590 	 2.70750000 
1248272291.689 	 2.52636900 	 -2.80922890 	 2.70790000 
1248272291.699 	 2.52586550 	 -2.80893630 	 2.70790000 
1248272291.710 	 2.52414140 	 -2.80832720 	 2.70660000 
1248272291.739 	 2.52354050 	 -2.80817020 	 2.70610000 
1248272291.748 	 2.52193790 	 -2.80768000 	 2.70640000 
1248272291.775 	 2.52139050 	 -2.80758400 	 2.70640000 
1248272291.778 	 2.52086400 	 -2.80749790 	 2.70620000 
1248272291.788 	 2.51998020 	 -2.80722370 	 2.70620000 
1248272291.797 	 2.51960790 	 -2.80701090 	 2.70650000 
1248272291.822 	 2.51924590 	 -2.80675030 	 2.70660000 
1248272291.824 	 2.51886740 	 -2.80644730 	 2.70660000 
1248272291.827 	 2.51843550 	 -2.80610410 	 2.70660000 
1248272291.838 	 2.51791120 	 -2.80577690 	 2.70680000 
1248272291.845 	 2.51736800 	 -2.80543280 	 2.70710000 
1248272291.868 	 2.51681530 	 -2.80508650 	 2.70750000 
1248272291.871 	 2.51623100 	 -2.80474050 	 2.70770000 
1248272291.883 	 2.51562910 	 -2.80440300 	 2.70780000 
1248272291.893 	 2.51446330 	 -2.80381460 	 2.70800000 
1248272291.922 	 2.51391880 	 -2.80360410 	 2.70820000 
1248272291.925 	 2.51334960 	 -2.80348920 	 2.70830000 
1248272291.932 	 2.51214770 	 -2.80335530 	 2.70670000 
1248272291.944 	 2.51152560 	 -2.80330480 	 2.70430000 
1248272291.972 	 2.51091090 	 -2.80323680 	 2.70070000 
1248272292.009 	 2.50882780 	 -2.80255250 	 2.67870000 
1248272292.028 	 2.50835720 	 -2.80185630 	 2.67150000 
1248272292.056 	 2.50793350 	 -2.80105110 	 2.66610000 
1248272292.072 	 2.50677300 	 -2.80028660 	 2.65470000 
1248272292.082 	 2.50559940 	 -2.80021130 	 2.64550000 
1248272292.111 	 2.50497620 	 -2.80021410 	 2.64110000 
1248272292.122 	 2.50386480 	 -2.80003540 	 2.63410000 
1248272292.127 	 2.50338520 	 -2.79982860 	 2.63160000 
1248272292.157 	 2.50294870 	 -2.79955360 	 2.62930000 
1248272292.160 	 2.50255030 	 -2.79923910 	 2.62690000 
1248272292.177 	 2.50143800 	 -2.79838450 	 2.61980000 
1248272292.206 	 2.50101100 	 -2.79812680 	 2.61880000 
1248272292.211 	 2.50003550 	 -2.79756870 	 2.61970000 
1248272292.214 	 2.49947240 	 -2.79728450 	 2.62100000 
1248272292.227 	 2.49884900 	 -2.79701650 	 2.62250000 
1248272292.257 	 2.49818250 	 -2.79676880 	 2.62410000 
1248272292.264 	 2.49681170 	 -2.79626780 	 2.62690000 
1248272292.274 	 2.49615160 	 -2.79595220 	 2.62810000 
1248272292.290 	 2.49553140 	 -2.79555010 	 2.62890000 
1248272292.293 	 2.49497220 	 -2.79507700 	 2.62960000 
1248272292.308 	 2.49448620 	 -2.79456290 	 2.62980000 
1248272292.316 	 2.49371380 	 -2.79357340 	 2.62950000 
1248272292.345 	 2.49337540 	 -2.79319890 	 2.62890000 
1248272292.347 	 2.49302100 	 -2.79294270 	 2.62790000 
1248272292.349 	 2.49262060 	 -2.79279450 	 2.62660000 
1248272292.361 	 2.49216340 	 -2.79273010 	 2.62500000 
1248272292.386 	 2.49106780 	 -2.79268060 	 2.62110000 
1248272292.399 	 2.48981520 	 -2.79252010 	 2.61780000 
1248272292.415 	 2.48851080 	 -2.79214070 	 2.61650000 
1248272292.448 	 2.48792020 	 -2.79181050 	 2.61720000 
1248272292.463 	 2.48605340 	 -2.78951380 	 2.62620000 
1248272292.494 	 2.48571660 	 -2.78889380 	 2.62850000 
1248272292.504 	 2.48540080 	 -2.78840300 	 2.62990000 
1248272292.532 	 2.48432840 	 -2.78787180 	 2.62910000 
1248272292.546 	 2.48238050 	 -2.78804210 	 2.62260000 
1248272292.573 	 2.48083380 	 -2.78790480 	 2.61830000 
1248272292.590 	 2.47945550 	 -2.78732910 	 2.61660000 
1248272292.598 	 2.47888740 	 -2.78685430 	 2.61660000 
1248272292.628 	 2.47838170 	 -2.78630020 	 2.61660000 
1248272292.631 	 2.47792100 	 -2.78569060 	 2.61610000 
1248272292.645 	 2.47706350 	 -2.78442450 	 2.61220000 
1248272292.662 	 2.47623790 	 -2.78338110 	 2.60450000 
1248272292.678 	 2.47582450 	 -2.78302720 	 2.59970000 
1248272292.691 	 2.47538650 	 -2.78280100 	 2.59450000 
1248272292.735 	 2.47329360 	 -2.78234920 	 2.57370000 
1248272292.753 	 2.47132990 	 -2.78116150 	 2.56370000 
1248272292.788 	 2.47041830 	 -2.78037030 	 2.56080000 
1248272292.799 	 2.46935090 	 -2.77961810 	 2.55600000 
1248272292.834 	 2.46820380 	 -2.77901260 	 2.55060000 
1248272292.877 	 2.46597390 	 -2.77775830 	 2.55180000 
1248272292.883 	 2.46517680 	 -2.77699810 	 2.55470000 
1248272292.895 	 2.46468370 	 -2.77642800 	 2.55550000 
1248272292.930 	 2.46430920 	 -2.77612440 	 2.55410000 
1248272292.942 	 2.46389320 	 -2.77601910 	 2.55100000 
1248272292.972 	 2.46363760 	 -2.77600030 	 2.54940000 
1248272292.974 	 2.46332750 	 -2.77596450 	 2.54810000 
1248272292.982 	 2.46203880 	 -2.77554390 	 2.54650000 
1248272293.010 	 2.46150800 	 -2.77526150 	 2.54620000 
1248272293.023 	 2.46039840 	 -2.77445770 	 2.54610000 
1248272293.032 	 2.45936720 	 -2.77347350 	 2.54710000 
1248272293.056 	 2.45886530 	 -2.77298120 	 2.54730000 
1248272293.059 	 2.45833230 	 -2.77253140 	 2.54680000 
1248272293.072 	 2.45777570 	 -2.77211560 	 2.54560000 
1248272293.103 	 2.45670460 	 -2.77133320 	 2.54220000 
1248272293.118 	 2.45506080 	 -2.77029370 	 2.53330000 
1248272293.131 	 2.45448480 	 -2.77000220 	 2.52890000 
1248272293.157 	 2.45392220 	 -2.76974420 	 2.52450000 
1248272293.179 	 2.45182580 	 -2.76882320 	 2.50940000 
1248272293.209 	 2.45138910 	 -2.76852910 	 2.50680000 
1248272293.213 	 2.45065320 	 -2.76786610 	 2.50300000 
1248272293.217 	 2.45031450 	 -2.76751790 	 2.50140000 
1248272293.243 	 2.44997010 	 -2.76718250 	 2.49940000 
1248272293.250 	 2.44961780 	 -2.76687140 	 2.49690000 
1248272293.259 	 2.44926110 	 -2.76657140 	 2.49400000 
1248272293.270 	 2.44850990 	 -2.76604780 	 2.48730000 
1248272293.299 	 2.44807500 	 -2.76582180 	 2.48370000 
1248272293.312 	 2.44644970 	 -2.76502120 	 2.47380000 
1248272293.315 	 2.44580550 	 -2.76467750 	 2.47110000 
1248272293.338 	 2.44516430 	 -2.76428430 	 2.46910000 
1248272293.351 	 2.44399610 	 -2.76333590 	 2.46650000 
1248272293.362 	 2.44346530 	 -2.76280740 	 2.46540000 
1248272293.365 	 2.44295100 	 -2.76226700 	 2.46420000 
1248272293.391 	 2.44246120 	 -2.76174170 	 2.46280000 
1248272293.395 	 2.44198560 	 -2.76125120 	 2.46100000 
1248272293.399 	 2.44150730 	 -2.76081390 	 2.45870000 
1248272293.402 	 2.44101750 	 -2.76039950 	 2.45640000 
1248272293.412 	 2.44049410 	 -2.75999110 	 2.45410000 
1248272293.440 	 2.43992430 	 -2.75957310 	 2.45220000 
1248272293.449 	 2.43874360 	 -2.75866550 	 2.44940000 
1248272293.479 	 2.43818860 	 -2.75816630 	 2.44850000 
1248272293.496 	 2.43682160 	 -2.75682300 	 2.44820000 
1248272293.498 	 2.43648090 	 -2.75650540 	 2.44830000 
1248272293.525 	 2.43618660 	 -2.75627430 	 2.44830000 
1248272293.530 	 2.43592540 	 -2.75611120 	 2.44810000 
1248272293.539 	 2.43567420 	 -2.75599320 	 2.44740000 
1248272293.542 	 2.43540640 	 -2.75589950 	 2.44630000 
1248272293.544 	 2.43510560 	 -2.75581020 	 2.44500000 
1248272293.572 	 2.43478100 	 -2.75570630 	 2.44360000 
1248272293.579 	 2.43445110 	 -2.75557660 	 2.44240000 
1248272293.581 	 2.43411630 	 -2.75539810 	 2.44190000 
1248272293.585 	 2.43376830 	 -2.75516000 	 2.44210000 
1248272293.596 	 2.43340770 	 -2.75485190 	 2.44330000 
1248272293.620 	 2.43302190 	 -2.75446760 	 2.44490000 
